8628199
2654043
4547585
1753204
1555406
5883596
2473792
8780557
6357914
6015257
5682053
9537034
6213420
7043609
6473786
5746027
8748104
2446198
6984872
9305078
5812432
5497055
1444256
5139203
2674608
8494468
5827979
7901777
8879587
8382828
2357103
4611374
5815688
2235488
1287494
2528902
9366755
8724196
7581513
7826528
3074338
2605398
2234859
1482354
7139350
9972187
4285935
6320314
8006680
6775514
5183105
6747919
7722660
4363163
5236935
7977391
8670377
9883507
8198967
7948331
7418497
9196907
6104006
8637355
7060177
5560394
3258929
1061195
7185147
8102229
2359837
7271582
7718270
9267814
4179868
3142547
9043331
8662204
2566724
3933226
1196196
9364529
1407757
5124185
6402318
3204349
3086530
7079168
4649430
6754464
5149873
7874353
4609875
3148800
7996087
5261042
5537905
6899158
1089357
3024832
8357941
7335783
7310488
3403740
1562568
3550993
1241897
1490471
6429951
7405320
9000960
2079942
4912230
1751267
3516356
8602873
9390413
7587837
2611052
3557772
3133577
9884847
7067608
7030576
8809311
6093262
5408040
3525615
3728204
7805871
1561579
5733038
7970462
3174487
4859201
9969438
6630175
9417583
8138619
2944528
4263170
1748832
9603600
7765721
6755301
4942062
7604262
7696316
9763452
1565151
6312694
8692447
8184376
1933274
9363561
7921678
5403889
3129528
8768622
8962366
7190732
1893873
2272062
3173002
3560191
9261712
8165235
3337628
1420951
3378494
9007278
9166314
6884099
5367229
1792134
9807763
5132543
5858335
4042201
4415286
4155383
7411124
3749388
5893080
4237055
8128402
5314270
7080453
1910828
9055402
2435813
4146525
2237236
5059239
1493996
9889132
7660648
6532515
9717177
5721378
7444445
6039372
5792314
5398802
6884219
8705940
1323296
3750896
1102235
3774132
1903340
9889119
1901184
6569159
9100995
3248793
1471578
2434760
8643303
3251152
8986583
8014849
1377643
5602228
7013452
2269165
6155347
3451155
4275836
4234294
6296986
3847533
9154761
9546933
5338497
5436016
4016268
9100308
7146488
8347875
3929146
6231982
8369619
8690289
7395402
1245805
3831145
5447303
3894040
7945716
5347881
9486331
2589072
3511596
3900589
2004665
8385092
8064235
7390395
1303662
4582957
9820182
7943740
3445973
5662669
3563471
7509408
1435082
6721407
2463020
1090527
6298622
6387775
2937674
7571541
1551719
8830310
7165589
5470768
8637586
5318998
1382189
9697897
6892808
3513657
8286233
6731543
4545513
5432531
2474841
9346251
7066271
1432927
6310361
1404870
2983737
9939358
1959016
6336535
4330641
8895236
4280086
6202668
5590532
5170138
2282258
8738615
3936427
6607964
4484309
6128050
5104271
7597813
6314845
1562003
3394290
5671007
3357277
8158171
2312959
9470820
7371271
4060930
2074226
6152783
5008635
9356759
2852227
9107231
2149334
2126471
7369178
4623482
3873936
5832319
4364835
6055106
3544590
4811276
5462286
2743946
9116575
2383446
8325404
7481948
7928641
3971823
9901083
7868467
8670048
6200224
9118585
7370569
1298783
4754943
3172857
1340823
4788613
1544159
8291517
2109743
6183936
3209108
8056127
8163921
7802386
4082627
7813385
3718722
3085826
6351574
8011921
4158444
5311143
9991427
2206298
4750098
2333374
4506157
6825935
1850568
1637525
9685638
9291158
1293508
3906200
1238811
9878817
7010308
3166127
3449482
2369147
8373476
3918179
8078437
7181607
8319752
5353179
4373970
7432169
9345518
6790731
3723784
6379306
3881265
7290549
5298182
3932005
6661415
8574879
5311461
7958538
9457494
3468365
1209702
3630819
6302721
5057614
3672276
6810332
3156873
5628600
5621554
8118919
4346151
8938735
7736510
8900973
2877387
6373499
6147230
5604742
3261284
5900053
7836540
7844472
3321499
1059744
4087962
6179259
1874006
4662626
6009080
5439573
2232776
9660430
7648826
8882559
5738515
6929993
7767662
8802448
4168890
4337899
3310497
3361142
6869527
2422549
4204307
5065467
9311069
7234677
4406273
7619610
9619380
5985279
7688614
7532713
4463501
2147965
8590991
2273234
5253718
6974628
2406391
4176737
4926568
1408276
1117647
7462651
5601766
6485905
4898630
7737400
7349057
7663814
8880240
8529474
2121870
6135947
8240393
2375219
1881505
6980349
7031214
1758210
3964691
1289754
1969329
7930870
8955486
6903873
7526704
3705563
4719385
1042285
2711964
1625399
3234447
2434381
7999254
2904219
5924836
7437677
2828652
2564907
8311378
3759949
6740622
5086683
6790104
8258154
9794529
1080955
7973021
7331809
1197294
5404447
5340432
2226557
4280359
7614810
2717690
5235851
6771649
5503290
9105168
1429657
4552212
2024535
2194264
9374648
2489476
6504558
2769972
5092355
5259283
2603717
6330801
7256222
5798569
6099230
3256485
4965520
5766488
6546783
9901087
9394827
6927798
3774187
6817579
6076909
1230341
3460131
1522936
2570577
8956094
2413325
8228515
8152174
5332391
6857808
9517283
8558029
8457715
5347890
1669038
2455770
6660487
5727884
2555610
4679202
3915327
8139176
6279310
3728914
9822935
7019734
8542104
2644964
4045466
8073160
9394323
9645879
8102715
9986214
5457482
1520858
8550150
9495820
2728961
1076365
9772486
6622225
9351329
1521164
4507294
6410087
6194074
2962165
7100197
1231926
4096460
7535251
9701934
5020479
3576498
7894031
5415708
6872137
3057559
2360102
3683372
9399175
8337016
4967227
7291227
5356473
5722782
8561743
2140896
5368198
9657613
8386991
5400506
2523963
4796828
4248376
6137638
1470290
3781103
9159762
7898629
3420015
2748862
9006424
9449584
8177011
6757173
4035324
5536345
1390692
6904678
4607008
8175715
2606927
2400602
8831041
8258146
2993783
3782568
6048108
9553712
2889386
3329518
7254418
2473445
6785728
8822064
6669499
7468731
6960071
4673133
4581151
1914022
6362620
4271692
6672865
4575869
3913485
7539304
4444436
5871597
1526587
2906502
6046947
1288893
7150206
4501009
6156960
8504888
3842952
4301419
4064651
7326245
5236336
8899485
1455112
6909710
7832050
1442964
9574870
9967233
6187525
7482201
2469282
2555167
6970870
9086425
6253657
2319870
7263882
7093984
1815569
8546373
4625898
6797666
2715577
5039982
3006635
2874988
8595440
2859722
5701494
9838391
8748137
3294256
5540549
2971836
9927160
2520333
2469528
1486960
5087276
5092852
1350815
9682543
7685343
9020223
3318648
4481947
3468737
4126307
3047975
9247907
4898211
3595357
2068666
2372867
9778903
8764050
8717890
5958947
6024646
2786583
9697487
3384625
4214759
9549434
2607601
6921334
9623637
5253725
3364648
2487699
5227993
6874807
7214290
5435785
5761593
4944341
4193681
7655579
6794689
8756129
3600683
4980956
3832769
4914745
1773291
7584225
6941554
1185376
8885108
1209807
5324651
9508489
8783195
6786814
8995383
7203372
1009020
3408025
4222830
2140633
7954842
8727581
8600642
6797042
2742880
3558722
3173320
1075639
8097143
9771129
1013680
7427343
2965584
7064703
8439429
6466914
8830987
8425256
6994171
1850842
4313759
1991112
4770319
5098231
2687256
2988974
4853991
3474703
1019465
6233957
7594604
7139698
8960819
1186727
6743035
4579674
6197848
5895005
6596858
2191477
3507716
5564984
8951184
8658484
1659981
5239794
1873111
7140470
2908374
2447315
8550549
2554323
8754183
3988043
8897286
1967677
1807332
6954983
1470886
7257631
1664697
2193104
9039296
9292220
8187496
6923603
1809869
3679784
5371075
3176135
6185871
8420958
6887635
4028315
2804964
8453568
8553253
1021024
1568421
7786091
7397504
9737510
3443702
3143776
9518971
4889323
7885023
3649163
1420534
8863466
1518208
8010948
8337156
7189464
6077976
7539633
9723821
5372930
7296264
5155491
3294266
1387680
7621418
7388009
1323444
9557641
9916650
4757715
3095819
7406245
6386745
8698551
3690553
5963080
8583627
1876617
2737984
8235788
6267047
9089571
3333121
7480757
6891244
5784623
1255901
3857721
1856988
9080142
8248930
7925998
3483721
7474240
5688674
9201167
5269721
7107456
2468279
7616168
8771878
5272159
9196100
1363366
1809419
1831388
7927293
7583240
5646441
6365884
3220829
4929669
2329336
6638438
4616456
1050070
8806704
7489534
5043009
2032648
2552051
8578808
1554459
9724799
8013968
8277668
6593491
3976704
6463977
4431787
6761403
7246469
8787662
1759541
4284123
9912709
1785729
9814500
7692670
2805226
4943780
2048974
4066927
7181213
5675045
3997143
7060412
5145496
6874613
9701308
7703079
4316929
1510367
3901201
1331736
3330852
9388888
5097242
4809001
9290734
7073985
6780471
7491287
3291387
5078904
2153716
2273319
8879759
5546539
3721252
1011377
4240396
9926436
2972561
5091090
4188086
7253808
1636835
6085485
6957004
8644710
9999212
8625034
6133634
5813449
5200748
3256973
7493456
9978655
9984952
7055494
3778466
1904390
2406421
7605338
4715047
7540771
9810913
2324967
4237868
8916326
4516212
5549403
2522595
6092954
1673183
7468342
3286137
4393031
7333315
2756225
8830406
6093096
1341187
2568325
4425863
6632374
3796283
8539872
6579684
9987337
1335696
5476228
3619194
8486338
5067429
6958057
9125490
9417798
2265475
2180008
3279703
2997353
9114689
3974044
5599827
5035003
9267925
9771667
5474546
3208543
1169175
2373918
2988986
4095380
1615070
7465552
4880147
4116426
9380904
1883563
7158373
7101286
3625379
9248782
5912127
9493441
7278682
8914936
5050169
6393213
7273178
2370295
7311925
5483011
3503778
5605805
2160288
9606024
7138247
9576184
5222185
3530939
3733134
1647124
1059056
7884291
7461537
9044375
6313116
6514316
8471475
2755111
4105932
3255484
5569004
5748304
3602335
4601334
2280847
4085869
1609520
7293739
3462286
1819962
1637150
4293841
7001548
3675455
1078419
4625843
9043872
1073140
6930547
6926135
6207232
1010259
9750461
9064182
2342152
5674093
5905803
3171663
1673985
7192176
3493115
8699999
5975366
6755431
2294433
8530726
4796145
3852879
6747762
1114083
3986090
6083264
8556320
6562585
9918310
8473561
7579911
1383887
9418884
6585079
7229688
2998392
2263385
6572537
6628992
3653936
7327919
6400804
9396082
6701443
2737361
5821946
4128756
9583964
3712763
5066962
5814661
6632670
8910446
9942041
1159806
8154273
3734607
1363446
8194492
3152666
2130360
9606132
1711669
4405813
6036525
7548480
5251165
6245326
5804979
3500031
6000898
3232214
2303187
2458809
2577914
9440533
5928513
8326370
7485760
6012210
4065789
3377269
1414924
1672532
4253110
5857337
1786342
9868128
1881625
1554243
1656451
1472598
3558708
3908286
2265352
6473696
7597964
4039895
7773007
4392473
3942218
3237609
6132756
4844899
3594588
1026600
5750849
1583647
9861668
4357585
3596533
4178869
8023291
9819689
8898629
9449300
5865018
9925514
3989055
3636108
2340878
3811964
1631551
7514783
8004971
8112228
4188916
1908961
4495368
1745275
4423828
9675440
8098044
1034406
3120220
1566670
9978897
9310683
1287363
7155394
8556106
6607004
6111246
6866319
9256114
5047094
3202735
7933613
3245981
5018887
1077199
7551343
8557324
4671687
4611984
7870003
6247984
5609500
9975211
6421848
6818536
5074820
9523267
2219750
9367910
5669627
7208278
2447323
2464284
9206253
2462956
2273200
2733281
1327281
6101642
2184459
2763064
3514455
4958977
8878558
5636191
1979705
9909550
9870910
4125014
5777819
3128582
4000960
5909941
7424932
4285814
5972601
5234244
8389643
3163482
1191505
2280395
4043755
4418301
8138432
5613373
4641843
5168927
6927042
3603968
9617453
8178441
6818231
3563613
2805771
4268018
5354542
1222427
1739679
3610605
7159550
6970241
2096907
5426223
8656384
8104172
3973307
2069995
4142200
9831368
6282800
8648219
7663097
1675758
4654104
6701065
5081162
7633541
9897848
6547465
1585627
6202659
2741736
2010410
6304782
6475576
8427901
7183364
2399252
3515785
4395645
2392604
4637594
2622578
4987761
8728724
6359417
8350482
6262513
5430988
1390536
7241850
7639818
1378934
7487124
5361991
7151478
4383224
6885599
7670902
4119211
7918932
1939558
3418085
6467557
7929519
5284485
9906717
3570577
9158243
6941193
6146314
7868392
2298421
2338581
4986137
2647407
1571460
8964137
2922398
4151248
6625828
2136802
2755685
1963213
6032358
8905233
6572366
5789280
2433411
9680758
9283059
5525449
5162465
8714273
1643532
9284135
4896978
6195911
1808907
4240999
8012254
8510255
4931867
4326509
3350838
1418771
4296083
8376284
3668348
6928925
3082161
8826338
8508715
6618732
6976718
5550741
6952519
5295836
9630183
3177660
7493703
3886981
1282683
9640730
8379886
8366084
9337150
4789195
5680119
8867445
8699911
1530639
6545336
3578896
7921817
2605938
6569286
2074657
7828626
5453003
8367796
7902061
5225648
9322304
8784053
7201788
3387962
8730580
8754833
3723039
6792143
9413884
4129452
4620267
2601376
3842498
2906933
1182991
9849561
3231080
6060991
3800435
3375321
4719701
8651347
5924155
6311065
7166412
8916754
8420512
9705119
7448670
6631260
2461628
3532487
3781102
2404441
8722599
7907906
3520919
1292063
6398146
2045547
1517402
4019589
4986194
5934060
1005464
2415189
3084220
8260019
5873268
5909483
3024109
7808434
1121635
9489047
9929801
3443621
7355847
1634487
4161108
1328756
5878358
4914958
5403222
9234366
7863004
2499929
8929683
4830576
2024204
8466278
6079967
9726630
9765067
2228985
6295118
5733987
7398283
1723086
8443168
1997666
5575860
8707687
3276829
4197496
9469146
8994506
7174004
6583912
7983249
6261770
1735589
9531990
6086808
5687115
3805915
5999515
5008368
2357036
2607146
3220824
8939127
1287190
8076087
6599310
9508593
1501398
1659159
2357485
4487146
7862791
6622897
4458275
9008747
9111198
8548407
9809861
8827715
4922422
2746266
6411065
7355700
3735004
9617046
9030353
9890389
3646419
1609109
3409450
3430935
5133143
6314000
2419408
1850536
3576886
5516652
9298473
8548632
4477554
9088847
3711843
2284515
9030340
4248016
9796943
5558648
5212181
4562156
9504250
8561078
7389326
7425441
7991895
2845978
6173686
1950375
6041349
1594867
9887216
5564461
9500718
4837893
3647413
5478632
4406039
3335480
8522637
3826096
1041577
9443552
5527827
6492259
8969743
3751122
2666591
5879536
8025749
6658353
2010989
5185263
9635662
3130988
9904791
6637536
3070542
9102554
4291309
2824992
3603205
9427846
3235341
1236365
2565466
2819179
5715598
5859932
4383374
1497781
3427269
2668384
9016056
8031923
3838796
1050414
8182376
6062248
9389090
8183045
1306744
8919807
6246662
6356052
7688025
8298961
4311832
7427540
9094272
6853068
5459736
8406582
2641961
2647834
3763873
8654172
5182797
1935540
7524066
2913779
5032594
8425712
3691188
3566744
6779243
4095895
2510625
5346477
9746535
4272889
9513034
5719596
1666784
6165438
7560540
1949621
6608370
1941032
4235587
8208230
9767692
7671640
1835618
7306548
1926770
1924029
3513180
3599184
8626235
1468162
6030469
1276619
1410934
5528952
3741617
1573048
9506902
1303798
3718717
3152403
4037231
5016952
4364437
1502679
8193674
9956525
5519679
5340874
4673220
2315447
8310207
1110721
1157826
9698485
2147364
5631292
7446864
7567726
4551036
2440590
9438374
9176708
8680867
4844632
6195742
8606785
3457380
5342148
5865798
7338272
8268770
7263899
2302221
1570770
9445084
6143848
9802480
1704545
9141281
8969094
7848180
7239812
2259685
3517568
4782730
8935958
8719699
1724530
5519706
1122251
5041292
9164525
6668675
8177842
6659546
5344179
1618319
7618656
5627396
9761584
8006682
5029234
1339403
7703620
5240617
7144456
3900841
6889163
6678742
5328977
5856665
2317644
9576214
1913003
6769925
2611968
3481079
3596238
6543302
6156578
8430729
5814805
8020053
6701560
6883762
7543247
6432217
1944428
9447671
1538316
3177859
8086681
5977740
6272695
6151413
1258782
3876832
9703152
4930772
2753071
7735707
2184854
4583847
9550148
9592982
8020909
1071823
8488411
9169048
1569596
2425254
4396980
2218472
1442741
5673991
2476493
9486638
7937242
9523650
3064866
6678118
1704607
5872742
8772976
3067500
8548408
8488490
8198528
7145831
6651887
7902969
2644778
7269466
5804818
3526090
9661930
5574286
9592452
1993725
7675046
1195111
2845796
1606340
1769963
6965851
3011100
9817162
6564226
3080837
4809329
9929389
4369979
5265654
3482824
5575077
8448865
7268107
4450745
8292415
2191350
5823365
3259650
8183490
1812703
1801043
5504388
4385472
1405627
8952827
2028289
6338075
1318264
2315693
5208967
8158485
5694226
4672334
6653812
2202685
4912559
9600378
5214661
2653873
4931523
5000741
5629709
9010974
9572993
1541001
8441469
9818644
7782896
5294221
1733398
9031884
8002828
8593226
3439496
6484960
3634811
9884569
1798726
3516822
5981208
6045670
1576541
1254210
2534674
9714999
2645353
7703503
4320582
2624345
6847048
2681523
8011562
6464050
3997187
5840923
3290810
4457491
3534909
5953940
8387713
6423654
5224234
4970304
3785807
1521230
9404672
8887039
5480094
4144229
7967479
9621724
1513425
3262703
8804095
1959028
2337572
1051237
5934156
3061776
4699093
5595147
8223004
4538641
9348671
4059522
6804928
5614185
8785928
4013801
2569910
8073199
4280907
5125152
3172890
5379663
4799798
4309184
8597456
9572591
2620894
7591883
4815390
5373098
6075604
1860075
6984346
7656151
1639769
4005589
7503109
2060919
7551838
2799804
7753110
1340142
9404561
1510639
2558181
9891954
2251335
3225574
1672451
1610497
9222762
5929571
9824330
9427338
8591738
9677103
8265180
8413286
7433100
3207750
3799888
7408421
5922110
7347617
4317267
8451249
8369984
3217964
2588825
5389912
6573396
6963869
7039431
7847394
7580593
1324342
8106519
3931807
9655665
6343577
1952540
6036018
7952873
1720660
3475838
9159516
6997529
7382067
8726860
4518154
2786908
6246786
3548471
4924206
1784943
9003017
7602622
3240229
6203558
3108694
9167025
1496494
3123369
2034689
2481053
2436098
4219227
8469679
8961071
2558147
4158593
2313461
2480891
3392745
9205833
6292833
3750052
1077436
2254670
1962736
9590005
3047219
4362208
3856410
1019913
1342320
4825928
3288611
8088491
7941267
9354486
6034967
5480715
2226537
2848111
1099932
2725018
7445975
5088030
9332494
7143491
7528964
2560023
5428105
3858995
7754744
5217645
1621962
8101303
3726041
1852040
2044972
2087549
4957574
9738644
1907258
6740084
7021107
8578404
2715988
1812806
7642855
5206241
1316836
4862871
5926739
5960887
2046578
2459541
6012686
5845112
9658653
5540997
8389836
1017938
6098955
9816556
4506739
7113538
2838414
1907262
7933180
9068636
9071055
2143545
8023154
9105438
6691044
8797029
7904960
9127820
1172439
6395704
3303536
2683618
6782258
8382810
9384811
5986364
5774951
9098986
6075967
2377311
8672777
5289672
8623387
7170103
2672476
3758998
3169998
7002499
4019315
5303985
3497375
1919335
7638263
1777209
4044623
2712812
5882642
4013927
4571930
3044127
4614835
5561480
6346350
5158424
8242433
2670873
8218351
6913183
6206609
4668864
7200921
9152833
1359459
1600415
9188772
5536452
3204919
1688866
9179412
3596215
7611773
5476271
1673820
5882806
8124538
2322560
5633206
8901595
1499778
4035229
6832781
4180652
4151189
1009581
3742026
4909161
9259401
2579109
7792655
9404608
2244486
6797898
5138464
7028840
6471793
2328269
2224243
8137712
7534695
2189122
7436698
5165922
6453435
3463056
7601624
2404592
2886495
7651213
7811640
3146845
9462486
1803756
6423847
4297464
6885858
1110466
3061876
1419564
3640812
8006316
1045977
1110490
2648069
4473218
6602125
5265385
1877452
9147022
6763323
1090709
6000148
3618795
1553308
2983439
1291529
2940299
1556650
9610263
8234921
4086270
5154197
1245422
9358866
2451298
8546212
2045560
4028182
4159392
8983455
8816243
1914161
1200269
8493942
9863499
3910730
3845335
3336689
9344305
5512270
1023288
8922717
5926092
4458829
4087524
1022894
8463208
4945369
3003059
1152642
3473612
1285588
9663495
9103686
6279618
8308691
6579364
2966594
7484559
3128276
7097154
7322799
4647994
8129627
5192582
6388177
2336108
4317587
1915952
6516693
1253828
3541294
5213484
6898913
7245183
5917656
4640237
3283794
4402367
7774792
5730202
7721180
1206075
1079394
2334571
8499085
8830529
4300463
9171375
3479895
3080979
2197393
4491546
5590052
8073108
1840222
7076030
8464009
9127916
2943593
1820026
5330015
8576992
2098240
8684126
4959501
8834443
8111177
8306841
4537858
9288468
3923013
6623527
2812370
4408919
5326467
5932460
3805329
9732605
7607601
4905948
7392509
5960409
1036892
9239645
8079587
3629845
1118945
9537253
6414132
1641743
8409026
1500468
2530666
2441844
3806602
3815625
5855744
2137222
8444425
8380248
4819988
4752774
5642177
3581146
5426525
9497833
9878740
8767142
5505119
7537047
3689254
7972554
8413924
9157183
1054859
1635664
8458037
7497525
7900219
5546026
4430074
3617763
4778888
6447487
8488262
9073870
1951725
4288700
7995225
1665599
6449418
9413210
9017054
2457861
9869574
5888905
7796760
8603590
9053400
9994193
1113879
1230362
5600323
8301171
3375168
8967919
1617531
4943941
5877822
2276964
8558415
9820292
3185544
3798681
1629321
4982448
5587028
2591349
1314658
1484064
8183489
9600504
7129017
1690449
7699755
8197251
5787585
9812849
5811929
4355190
8968935
5549830
6451481
7253291
9482170
7811919
1058689
5553316
5948634
8739017
6995731
6612143
7121645
2513638
9701789
5569799
3748945
3038726
9244233
9971002
4925507
6918368
8041331
3122225
1154019
2687815
1329609
3101116
8833082
5443206
6816201
1997013
3231388
4367830
1277157
5223058
5051773
8344073
6059452
9450691
7648725
5215219
1728682
5065283
4294032
1321141
1002087
7842121
3588925
9298174
9052048
3540205
6899432
8791644
3785643
9601776
9302999
3624050
1659467
3463923
5301881
4731715
9209632
3002057
3176944
7642705
1014014
7462197
7007298
1928284
2978786
4367780
6700044
8187900
5552859
3674220
6218761
8618704
7555108
7184381
8196284
9151288
8519331
9166554
2574528
9861420
2485803
8053614
9040423
4712657
6794439
6744053
1586827
5663475
3264578
5159408
6676635
2336878
8107721
7974698
6667587
2951917
8488616
1468537
5387276
2962026
6413565
4006322
6814740
1649485
7272705
5180615
8315965
3203564
1847745
8941243
1466633
4281234
6164131
7700012
3273492
9092089
4462338
7609423
3204885
1025569
6644429
6169135
3143624
3349527
4338833
9061336
5752279
4491800
6193256
7821506
6891822
9564131
5658910
3832502
9294428
1520506
4760992
6783750
4674292
9356256
1866199
8096559
4933300
9985340
3735106
8121689
1760350
8557231
6538032
5837138
7176290
4971299
8612349
3903251
6450698
3846532
3911369
2046225
4136106
7140988
3252419
3331762
6170394
1539507
6652615
9604883
9004440
6286117
5454643
6965260
5371028
8805521
2107798
4001102
3706564
3024956
3949630
7052892
7716265
1736671
3369077
6030859
3570249
4580281
9615160
1141689
1691589
3429986
9424163
6045911
5490363
9934897
9019118
1610328
9920940
6828057
4114573
2561822
3627257
2210963
5253767
2496432
5635739
5858993
5634593
2784484
1233356
2441385
2906461
4921514
9611024
7552512
5428872
7746257
1676271
3360971
1299151
3585649
3802852
6183985
8283242
1661015
3623816
7522717
2069996
6659063
3154811
7519935
5892200
7841441
1901690
7140602
4033983
4079381
4293810
6139849
3309712
8424178
3435672
4000147
4159061
7871160
6762961
9367884
1356049
8002564
6977696
4411758
8510408
7592895
4799502
5720942
8914100
9966049
7354641
6104740
1932965
8053600
2232489
9944197
9457409
1301379
3454120
3035747
7169032
7817616
6711773
3206699
7290553
4012822
8942759
3930509
6036664
6157884
2751338
7243526
6807584
9750211
2107062
6243351
3628162
8985495
9039713
6188053
9100458
5928706
2930838
2977446
8850202
7971388
8227149
3369148
9375636
5466786
6898482
4875585
8788754
6691432
2566179
9248338
5083070
6145455
8403463
6988859
1464530
3625351
3550928
3446067
7306283
1678300
8220105
3038681
8068883
2489909
7415018
5836423
8957958
1604948
9714321
5639991
6654349
9026496
9706255
7566615
4976421
1570916
8077119
5654177
9469563
8859161
1160629
2218974
2626355
6598866
2373686
4266484
2666392
4102360
3679548
8476674
4416773
1995387
6055790
5808386
2803733
9927875
7967206
9926329
1622788
7079865
2950715
5839267
6248867
5374078
4094143
1918139
9261718
8152667
1203381
6504634
4195110
2790988
3985069
1678560
7025565
4296137
7687929
5385013
3116804
8879137
3121898
8811137
3114838
2531041
2363791
9063599
4332033
1718317
3504994
5327493
2629228
3302307
5721461
6729946
8556918
6015640
4033718
7749257
3923773
6344004
9400549
5692553
2601676
5640461
1599238
2030965
2685466
8607216
2788203
1352688
5556941
6224654
4124411
4619181
5994154
2879727
3419584
3320746
9730449
9417470
4981974
3245070
8291094
4232924
8830131
3768944
6706338
2929365
4248735
1462224
9195428
3472211
5857281
9981648
2615094
5215390
4532771
4253093
2279551
5627945
7436080
8749747
6615717
2763640
7280511
4779137
9136777
6709452
6668931
1430018
1585097
8310275
9523008
6233129
1667974
3553070
7105909
9725509
4054530
2576402
6429379
1644395
6782946
3882859
9852271
9581811
3512832
5019968
4025427
2769839
4854252
5380328
1927795
3814538
3965083
4487300
9810246
2050643
3780380
4604612
7879480
2472413
8912709
8226663
7886563
7851558
7257394
3966470
8199375
8855226
7214461
7949749
4042757
2463475
5729365
7481577
2897373
8370955
1119433
9290518
8511378
9305561
8514789
6338472
5741981
1705224
6431107
6010380
5952612
7580565
4440006
2888664
8745565
4470466
3239302
5351761
2674083
1535054
4565664
5193841
7179944
9045458
6340013
1978765
9752138
5820256
7388478
1195232
1907850
9865813
9366772
2649682
2733182
8716946
2782148
6531334
5220217
2042767
8503731
8084705
8695312
7245903
2666394
6029197
8371561
4251950
1438033
2758345
5978251
7752949
2766934
9611721
3222480
7161451
4415095
2703669
2748543
3505777
3920322
5942313
5953768
5288894
1739245
3693455
6914869
7769083
4849378
2940192
3771048
2627751
3250327
7331226
3412553
5377666
7552752
2028277
9494995
4644668
1947814
9230851
4885678
4977159
6015544
5720687
2438326
5578827
1474388
7299980
2794558
7211916
7258069
6447323
5545147
7328521
7160176
9276595
6045291
9183433
2858200
2632660
9639727
9249853
5415043
2143205
6123572
3217394
1512285
2471172
6479418
2755472
7122286
8772278
7202446
3787219
7419847
4015347
8153934
5481710
5693391
7195690
8429301
2961836
5687581
6125490
6612582
3741139
8831566
7397783
6716269
6427929
5357857
2037397
7639804
2271111
9347222
4044070
2694826
2820190
2486261
9687299
4016383
9889563
4275307
9040261
7253128
9206033
7812696
3349066
7544507
8203363
8368425
1953518
5537316
1698349
6272704
6046447
2886118
8900033
4523081
4769138
4768963
4343465
4109009
8070794
2274069
9074771
7761120
1242560
5832533
1341554
8030988
2169721
1001344
8708168
6212398
1694226
9446110
6896219
3079289
8961024
3608053
9037800
8128181
9092379
9383465
8246278
4960627
8246308
7049570
4321525
3039640
4856219
1576409
4466489
3054561
9922976
6813352
6142621
4699306
3757794
7682573
5023349
2267991
7970607
5142082
6829353
4553183
2621136
7591122
3450426
8672711
9780571
6641879
7807363
3121851
5397199
7478694
1024350
8570734
1393743
8827936
7524044
4500400
3273036
7274137
8990548
2294062
3319704
2451168
5110224
6258390
4291872
2865697
8550461
2906783
8837635
9106219
3900399
4643802
2669410
4796198
1527284
3560443
9308860
8679856
1252033
5592019
4816068
7493686
6132252
5405020
2384089
9714851
1010416
1269392
9067087
5051152
3604159
1190698
2394746
1076669
1558506
9356791
3679637
2706485
3166863
5063188
6954320
1194136
1744667
2004833
9816237
9537172
8577732
1390738
1344073
9809406
2222397
3777883
2415003
7131310
9230470
6800668
9167429
5780494
2628069
2536000
8987373
6917247
9473942
6953569
9890078
5779120
7629468
3752357
9235312
2438457
4788148
1942736
4012042
4386054
4118183
5989188
3694662
8454888
7811938
2422593
8957041
5225206
4828702
8385766
3989533
2551746
8945662
6158207
4725899
5528082
4510346
4069362
5133008
3671873
9751160
4217885
6196100
9744538
9671749
6386020
3730680
5477723
9753746
7414794
3795205
8939854
3459480
9449155
4965282
2414785
1986022
4735929
8617957
2026503
8371689
3880818
6781963
8993246
9363397
3911238
4841391
4189975
5155615
5535313
1793639
8534391
5909834
1296219
7642095
4861030
5271342
8454763
6924299
4562286
7462772
1122946
3908181
5551672
5250342
7055925
8816357
5825039
5016319
2896657
3629005
1330372
9971601
5614225
6717877
4124087
7411152
6566003
5715316
9529981
1249428
8998798
5378197
8058845
1297557
3520468
9476158
3887537
3463265
4915043
5632654
6162242
8219154
4946793
6965601
2796250
3776914
1211952
6543168
1390046
6200928
3659976
7927761
8683524
6119545
9802865
6758830
6981729
8179964
9537187
6567644
3781053
4361443
8429018
5897369
3471215
4744087
8043194
1551120
3784646
6976180
7653510
2770028
6440196
5966138
9319652
2898023
7572759
3149524
1674898
3919103
3901804
3940885
1066481
3794199
4189956
8529483
6613963
5295423
3538518
4855910
7346053
8046078
9564968
3722048
2059856
8707731
8736985
1999986
1943411
1084438
8533080
8296818
2445126
5016890
8169671
3139118
5181730
7958945
5194386
4673633
7104662
6374834
7960171
1042904
6247284
4903017
7320451
3128918
5123727
8559135
8737247
7359174
3764891
6806085
6119054
6335277
4543846
7820645
7510231
7006261
2228170
9614569
5990929
1066531
8003174
8189117
5204210
9222805
7306489
4904589
9227567
4605811
4851164
9357152
3718459
3525733
1925028
6399311
6255236
6095894
6039845
1395861
5859591
7934912
7230446
9683893
3908772
9479411
3443598
4099506
9989204
1294981
1379691
9313959
4243472
9994769
9753686
4071122
5232665
4076141
7160321
3604960
6458983
7783118
8231248
3010263
3417219
6682743
2353430
6263976
7480252
3029679
2614636
1157766
3269161
2613087
3267530
5940787
3728609
6461059
9944181
8421792
6022597
4578891
8222939
6404829
3731024
1070752
4431942
4490364
2819945
7802270
4461606
6374179
2539722
6819146
9126554
8547332
4125709
7041948
1499017
7004621
3541629
7675480
1511226
5387291
3713409
3810815
4685190
4960038
8705291
7905345
5766448
5888762
6410068
1769319
8828591
7858824
8672353
8012261
1336863
2656302
9131053
4526729
7770943
8302022
3827110
9793841
7412398
9980161
8310730
6221261
6994465
1730253
2069807
8935997
1273143
2550912
8249922
4767814
7353804
8866128
2935522
8376581
5365752
3414672
7556680
5369835
1675598
4577091
7865295
9670869
1516237
8040035
9006855
2454025
4592579
9610517
8516798
7019615
5254404
9895428
7350055
7626343
3384209
4428817
3899495
7875579
9517380
4684670
2843451
5411587
7758057
5291119
9904236
1058786
4427392
3752806
2126790
9247734
6195048
2047575
2875064
8028059
4392427
8473526
7901472
6038705
1493808
1805850
8322652
7307446
1868576
5338071
5134476
6269251
1607806
9957429
6678839
9676718
5148506
9378944
5583129
3515805
4104640
7258850
2650128
5824328
4197873
5428716
9412434
7807555
2782830
7945931
9125426
4916769
5010543
3816129
5497772
5106120
8520762
8461251
8412831
1253844
8057675
1488533
4626953
2498253
1032603
9472438
8103778
2206222
7298244
1394552
7285093
3469452
9064806
9036410
1619261
7925378
5753834
7718410
4061242
4179684
1162685
1053941
4326129
1429821
7021917
3956904
7153167
8193765
5467168
1685049
1402956
6875096
5268342
7283654
6137230
1873139
5129233
6528966
7490177
7089504
5104326
6436762
4280895
5266813
8955098
3561274
7637098
6766743
4712010
3085608
5605099
9363336
6933144
6139114
4809688
2893155
3500173
2893806
9125327
8816157
9564862
6388117
5395673
5473194
8270623
6085840
1143258
1401936
2932811
2207174
7554043
1111620
7937773
9786185
9175898
9714691
6386229
5379734
8789581
1192658
2951836
4065849
6197954
2287476
9320156
3804078
6846032
2540347
2975669
4649940
3830343
8308920
1580505
4651847
6466603
8165844
2968976
4454554
8241631
1311755
4073661
4769706
6812656
7271093
1493514
6822566
9227744
6675743
3360814
7872935
3906079
3928002
1922826
7895024
3154481
1155926
6623613
8953995
7796609
9345350
8354224
6237242
4740427
3314871
3595220
9750492
6907388
6182925
5591761
3308497
7944126
5635618
3439443
3588528
5454641
1199006
3201211
8340643
7825727
5095386
4020822
1728470
4543805
6244033
5377049
7580111
2534341
8319809
8659938
5154415
4103721
9911504
8631399
2979596
1089907
9327924
9325985
6696017
9568429
3396475
7781000
9429753
8797920
1494585
5634853
1437575
1507468
9270981
5823771
2345728
9430752
3854274
5312560
8283387
9448360
6457284
1730383
1507959
3335578
3468992
8284994
5655589
3029601
6452165
2166213
4586471
1744442
9513666
3862527
2760717
2316052
2229331
1709736
3858916
1673150
6235753
1437923
7213754
5230122
1940689
8332877
3039332
1458502
8158979
6790802
8216837
5999086
4310659
3880622
3010826
1079241
2377032
4220742
6930884
5187533
1601723
2377476
8768865
4884527
5240684
4321878
9450467
9745583
2896835
7691970
9217720
4690821
5468398
5807612
8615629
9704162
1247046
6004067
3681759
2751862
5371756
3298967
2233742
3952751
3678600
6689459
9559039
8987407
4578443
1797760
3373681
3933814
7334639
7163630
6126335
8194914
3668514
8018463
2437954
6502243
6575331
1881207
5546029
6583572
9568388
4532471
1374831
8788419
9241865
8525868
9560503
4318727
2838540
9150726
1816792
3011099
7985848
7792446
2886789
1315602
5838924
1030956
6773953
7100369
5280400
7963730
3566650
4464751
6720536
7446902
3416891
5577532
1994644
2562211
8862852
1355374
6768859
8261411
7200830
4237147
8337677
7286055
3313688
9316580
5577635
7317372
4052173
3973672
2400970
7054631
1455889
3311799
9629439
4904334
8368691
2205861
2082670
6909479
1673333
3180520
1500380
7402746
7486947
1972169
4975209
3485060
9712044
5482292
6586898
6384863
2318645
1278917
2600729
2119129
8908085
7124456
6822808
2248980
1836648
9594467
1273203
2176066
6788017
6614822
4397250
2040122
3309511
6749570
3372417
4560255
9905768
4069605
3800897
9621612
4710652
7963801
6965914
7761988
3061148
8141122
9218192
6506295
4343644
4236634
9120249
8335812
4259392
3307591
6324372
3999665
7418825
3269659
5576461
6166758
3007606
6949790
1574300
5352461
4354448
4934802
4230455
4962467
3052817
3375912
7216553
4447972
3545147
7836181
7939008
1106138
6693551
5605652
3100585
3459601
1749791
2389130
8611328
5918668
6476448
8140910
8961861
1142010
5921220
3016893
5964155
2215218
9457252
2576099
9402228
5082517
3000223
2754578
9390829
4852492
9872390
5002190
7980634
4344562
6347985
9752435
1555348
2577930
9174634
1169113
6669186
5815043
8755214
5137306
2461894
2757535
5726376
6643910
9810513
5047391
6536940
3333644
5540239
3501161
5442328
5975795
5236486
5544426
3999200
6025593
7808709
7173599
1604449
2722351
1780868
8309226
8715973
4416879
2920825
1971868
9787405
7629030
9013271
4313573
7460318
3877085
7685782
9783277
6274537
4484973
7358041
7131125
2146067
2749263
6629521
3744463
7662264
9873877
7377243
5444277
1132710
9489772
8353929
3360707
7969162
1762897
8052228
5475526
1240074
5932160
9320992
9558668
3131916
4501013
4508095
6979969
9753597
2874461
8707554
6771811
7533265
6436695
4445367
9389348
1987848
7531286
3087307
9729286
4162465
2364370
5967427
4589150
3235246
7365335
9021280
7949695
8252016
4270882
3399973
9570695
4033331
3557999
5916097
4431470
6667737
8858450
6982069
6938627
6252106
5007683
1055327
6512931
2578873
5816015
5313856
5314365
5355163
3277950
7683606
6174139
4027641
6349777
5936314
2227589
8401486
5117997
6337500
8197856
1850557
4874237
9997045
1353967
6563015
4290863
3871171
4594380
7626909
6522479
6266707
9519090
4918122
2763511
4580995
5544198
5700184
5410226
5816916
8776825
1738515
8146968
3908584
3904060
1006277
6019850
1914990
7668662
4942000
5473336
5888709
7395560
4893624
2044383
6238549
6672161
3002056
8255872
3806969
2175734
6080389
7431598
9620607
4367217
3979530
4682698
7379589
5115142
1054284
2632306
9945100
1909240
7834508
5367491
5987894
2239493
5749646
2040064
3154338
4060894
3629121
4348327
1124988
2878248
5543657
1812063
3314248
3604393
6052619
9129535
7349643
4463518
5278614
7602830
5983541
1863067
1566567
6410021
4172541
3261822
9696483
6760169
6912334
3678049
2589660
2237318
5693765
2921853
1575575
3859238
4100257
3206354
3249911
7247703
6909137
3894654
4422016
2468038
7191347
2030402
9072302
2453302
8991544
1802422
4140220
6294344
6110460
4641261
4242744
5348912
4532584
7939588
3113990
3028370
8830532
6264261
5654863
6650543
6743179
1871656
2492945
5680452
2021474
8856502
6639176
6173373
5886793
4543826
1927218
2857324
3557848
8270222
3285556
1403405
4123567
6149850
1736494
3097583
6953560
5531531
8516684
6616337
5461219
6795575
3950366
7497076
6910928
1507705
3100637
4180927
8483810
6476568
1503411
8384509
8403164
7387433
1624728
3688959
4583840
5787453
3168918
5732497
5607053
3484224
8031472
4369041
7455815
8738932
2997144
7461896
7236864
5497268
1277877
8194642
9257615
4297666
1056525
2650210
9500330
3256742
4533075
5769142
1690850
5491903
6271742
4803484
6729593
7746086
1029365
6656396
9307303
9485237
4966737
5036568
3950335
1719621
5952669
6278201
4995404
5167470
9874857
9853870
6843958
2594530
7176135
4960230
5365082
6148189
2602930
1671433
9006155
3151683
1880017
5550166
5995868
6564931
8410350
5375380
3728839
4318976
6346880
7514713
8853042
3392582
8888733
8811731
2323155
3740493
9133988
9284012
9169715
3507655
2896506
3060277
7358393
4218547
2048538
1426360
7916960
6857484
3966631
2432216
6446810
2239751
1776510
7671587
6043055
5621214
9036711
9129313
1714780
5801657
3189935
2731802
4274123
6144986
5983477
1480594
5957758
1834415
4147992
5863560
1905859
3085645
8208506
8457993
4832719
5361619
9335704
7981583
3352011
5413334
6233388
1580922
7316680
5081670
2815678
2064811
2283881
2772381
1198845
5339118
4716519
4982012
4889900
9289938
8332388
8191678
3160175
7852150
1099386
4650148
6091361
5267641
3684202
6882392
8926689
8897444
6846482
9700837
1409871
7282172
3395484
5516925
1725576
4732997
4971569
8989846
2253733
7909761
1351312
1444014
7878106
7596580
4499645
6690245
6491460
7921270
8879050
6597860
5964178
1410055
3219665
1832243
3000844
8102619
4115000
7272770
4431776
1868097
6223992
5699706
9584803
8043401
3400803
2080954
2681311
7243357
6884541
2567130
5078216
1637943
8854244
9264669
1918608
1186379
5783470
9916501
5132511
6227229
6735479
9158105
2309659
6111247
9267628
1556414
3112914
6303044
6049821
3349044
9571117
1629679
3864129
5231527
7793975
3917418
1935381
1717387
6304585
1368103
6156981
9932676
7179282
9359668
7666522
6002634
1800759
4437450
8518133
4084445
8074063
8819826
3615273
8415279
2983820
8757828
3461714
3217696
7357524
1479733
5430585
4079230
8446277
7536274
5038578
5998631
7339244
7891735
3099883
4761438
7687864
8355818
4596038
4384750
3515031
7779764
4409009
7803888
2356726
8409562
8630028
5662699
6686994
3148335
9541581
1310251
8743667
4472478
2492739
2975204
4827370
6022276
2006006
8218724
2608349
7291152
1612268
7745110
8544307
2889583
2970175
2067760
5486409
9956540
1906839
9926736
5181850
8375208
2710815
9527212
5530911
5224825
5526050
1677995
3147005
7303994
1496671
1040783
6319840
9394715
6130612
4632981
1814115
6752769
4063150
2629334
5563658
3676865
7409311
6864949
3363864
5491734
3617609
2608626
8992826
5911676
8516461
6453301
2240766
7500227
3307435
2398232
8709564
5599943
8382559
9799346
1815109
2848105
8667383
8704735
5579728
2762824
5290449
3168274
1779889
5293735
4390333
5833596
5277666
1316304
6225094
9841437
1383671
5986030
5335155
2145281
3546687
7660796
4985760
8757955
7897224
1817539
1725830
6916359
8269046
9458258
8528367
1186502
6688377
6892610
4098660
6959444
5287545
3596270
5374111
2898727
2971998
8008603
8870744
7058016
4583900
9249255
3275082
6215967
3893670
1127964
1233017
3252930
7861593
1048679
7932612
9964553
9330212
2341850
4263326
6563806
8626475
6637860
9992123
3778766
2198328
2352686
6695823
1664665
5702528
8311102
3436891
6402782
8437087
3777166
7550687
5590025
7173813
7937129
6207404
8146589
3062084
4762391
4003567
5805182
8605029
3365210
3322845
6557230
7557302
3048461
1056747
9541782
2670766
4879165
7723988
3269737
8765733
9318241
9192501
2738649
3436714
9694946
5118801
8851555
5399066
8880942
7517192
5458536
7883143
5205014
2661016
4625037
5648898
6341009
8968624
8052026
3124249
8262793
4235714
5223143
2767496
1246253
9037472
2079486
4222565
3911351
6390917
6248943
9657071
6808566
3307032
4550231
8895346
8573914
9390765
7822176
3580313
2407212
1102294
5939612
8116199
8376974
8250184
2058632
1293484
5266512
5046893
2507801
2857771
2817639
4927109
1070567
8784808
5606704
3805897
6990454
7144363
7780106
9695216
8554663
1392551
7076778
7041982
9637118
4200545
7606851
1342154
8859075
5792657
8039664
7486792
2794395
8266816
4490382
9716665
7504451
5066022
5894555
1415114
9203495
4359026
2743474
7454174
7720899
8501156
1462706
4380832
5308812
5701844
6458822
4769441
9273096
4304461
5302238
8668777
1184999
9977420
2860383
8314069
2792357
5082981
4799513
1576909
3072269
8846816
1727844
2439416
3095000
1043247
1237657
1625412
1188188
1909670
4935709
5377814
2844850
3233630
4227256
6082734
1619529
2612216
3658099
2580069
4934009
5281794
2969398
7982483
7597354
2009296
5577170
8382342
6450550
5369126
5400866
4508553
3131174
4714556
3227297
5330331
4480469
3808621
2309861
6347965
6027161
9541568
3178400
1426371
1035066
4203875
4848923
8762356
3526580
7843709
9716476
2925812
5107249
7137277
2804757
9666268
6534446
3348584
5967905
2117750
2449284
6267619
7402978
5344761
3541607
5324962
2632448
9606271
9163095
1321494
4545569
2298547
2846137
3526163
9336237
3473818
2204894
5073774
7039452
2283527
7669787
6326136
2460153
9608011
3186076
3199284
3334488
7917640
8053359
1507727
9050396
6117381
2609180
3797822
1129808
2407984
9221518
2553863
1504858
1082065
7909208
1714872
3086224
5727554
2961725
8966241
9443723
1353010
3985073
6514406
7228043
7642930
5510049
4533854
9173291
7708394
1252952
5203135
9199245
1140739
5591345
1545913
1673866
1087806
5259381
7846076
3762793
5992396
6945976
3111185
9087212
2307962
8263986
2509843
1379075
3852091
7160041
8926268
8732983
8237663
3931055
6953374
4781573
6831329
1471059
6591455
3259115
3863871
4255870
7994423
1588111
2075282
9597868
3044317
2186912
3888907
3071758
7005136
7221530
5793673
9616650
1948861
9021309
5630933
5989329
3366280
9693607
7506146
7500071
1173109
7857395
5237506
7006288
7798410
8867878
6607305
7816204
7393319
7813669
1392578
8666219
6162788
6737867
5861392
8108053
2631481
2106860
9474913
1897538
6190634
6674029
7667595
9059462
1117870
1514623
1721777
6370769
3331690
6171316
3168080
3980279
5110267
2136165
3671594
2230231
2831362
4733114
6251573
5382087
8434605
7109716
6216537
7378490
9948774
9164304
9956327
4747236
9705979
3528514
5844641
5865434
2793150
6818337
3431618
3785617
5878212
4120713
4740308
4022130
7811707
6544732
1617096
1611224
9743814
2143871
3103843
7868163
1444217
3367203
3667247
2183916
7494303
1366994
1032372
3806617
4423125
2998678
2751717
1587334
1219769
2719260
3391176
6029310
1201613
6848817
2290144
3585383
2222926
5758633
9795003
8967051
3161826
3853678
3465442
4430905
9558154
2145713
4914054
5070206
2143513
5998398
1995426
8497689
6629804
5151340
1410160
2015938
1625512
7983007
2560479
9157547
8874111
1134376
2750903
8395009
4087399
8155111
6920694
9568683
6409223
6207723
3878626
1912239
6455363
9070965
5578515
1995701
5405515
9166492
1014184
4791871
1544415
5381437
6731105
2949380
6569715
6306303
9668818
5368924
2100446
4567355
6436289
9063134
8484413
6868251
5929913
6556028
6500336
7951184
2486036
3060416
1525156
7684544
8205151
4446377
2440074
5067919
9530421
7246222
1625687
6538517
6650180
6146988
4211090
2389380
7826608
4627035
7671933
3455232
4154379
4616332
6200866
4505644
4552205
8805520
5746716
3572124
7452310
8901120
6068501
3727440
7951345
8681612
5818851
6428631
8695813
7691470
4279223
3955043
9060762
2990122
7630423
2641350
8558066
2178818
6196467
9038010
9795138
4780800
2769031
9997282
3618510
7375278
2874823
2217635
9274032
7953216
6570160
1598820
1063723
1332853
1283820
7894743
2263027
4948473
5695093
9946311
3960737
2902759
9481228
7038121
2251749
8476598
5068455
3976965
9007888
4019735
1718907
1600849
8207200
5189371
4315471
2543858
3472361
4409134
2761052
5431030
1120455
9186142
8221613
8878025
9961712
7244973
9956103
9001369
5243646
9147531
1336491
5866083
5978015
5904732
1548725
6643089
9992925
5587549
5270410
4720860
5297861
4865705
2126801
2566622
7167173
7704432
2717424
6957907
4343609
2295897
5212250
1046514
4434970
2095420
8704428
4834997
3144276
1743146
8019355
8150908
1468167
4321466
6226546
6614879
9529862
9685246
5815903
9232103
1535747
2452198
1199044
7384909
4757635
1798173
2314749
3802909
8077894
2079700
6949621
8157223
5938808
7652542
7188401
6487700
8667261
3694677
8011167
4524036
6331539
6860775
3379649
5349994
3650060
9568852
9451748
9775000
2482830
6603274
3980915
2245512
8617468
9088021
6491419
7511059
9071796
4759822
9360330
1449329
5964763
9368417
3651500
4729672
1198627
8979955
3179287
9019717
1711846
2280390
6305539
9625190
7437234
9213409
3522634
2904327
5806416
4711816
3125968
9867869
8045852
5995774
3246351
7662522
4358065
7478378
2889853
6095388
8200925
2394977
6425187
1069828
1516265
2646674
9004018
1356679
6984448
7888519
9460132
9051441
5743951
5128442
7561119
7195175
8706987
3541108
1071984
9390203
6024353
6619369
1829665
5812121
8101416
5352368
4212064
8166760
5267283
5926711
3498749
7667321
1048630
6643944
6783854
4713968
9588306
9176944
1120699
6674967
1637233
6432715
8897305
4863174
2740900
6609020
4141329
9284259
2029697
9212983
1283073
9639853
7629384
1716166
5540439
1456171
8804595
8906878
3609373
3077523
9306452
7563167
9758837
2825217
7456398
7778093
3581749
9805085
9342029
1822550
3673021
5823790
5943194
2226947
9773264
9396883
8232996
6729624
6702938
8142081
9524055
2946875
1316405
2448936
1901802
3227285
3481421
4133788
5786693
7789739
7222339
8343139
7689615
7795055
8596280
6427803
3715909
4512516
6706832
7081758
7299740
4395161
7728104
9021399
8862738
8917268
6542748
4714712
4824863
3283068
3007700
8620714
6180688
5411215
3465019
8594662
5895249
1107022
5516591
2945009
2446458
2893164
2905024
8436228
4441896
5441285
3733317
4611478
7053285
6524217
8291300
5996489
7118753
4448151
1525989
6677941
1281945
6750617
1156079
8370162
4422828
1979722
3012255
4492329
4465638
5521301
3180356
1872521
1136411
6936385
3063938
9440350
1435672
7725082
3530096
1365712
7860440
5680827
6153015
4964311
1940032
2353596
5025469
1881195
7363269
6074006
2621676
3458832
1226952
8869862
1663464
1135350
7405929
7690944
8593284
6656583
7948214
1081730
5680381
4532985
8964867
6765284
8673842
4574762
4852789
3743341
5473002
8377281
3646610
6003714
9974655
7435873
4195736
2131143
8860960
7329355
2217213
1242489
5394839
1234425
7902941
1397604
2950751
1306212
8920487
7127143
3098860
6772390
4516056
3662033
2440599
4543330
1366442
4950402
7888852
5396513
8724083
9518935
5838528
7707658
3551090
3521182
3562061
7304483
3273999
3268543
5194001
2296393
7715326
4696204
2345513
4592160
5908037
6803757
5932440
8192943
5078400
1267264
3610293
9768893
1137427
9711717
8441396
2627139
1867522
9765226
5534854
8195110
9282197
8926628
5219112
6265716
5755943
9773332
1218151
8991667
3632268
9608953
2270462
2493392
9444335
2916571
2305491
8379408
9584544
1796896
4069665
3508487
7258411
2673590
6972736
9434108
6562506
7638748
6746657
3895172
9697949
5871420
5243911
7480018
5236856
6009749
4788499
3366228
9400697
3909081
1212158
5579263
2542909
1671073
5547191
8965656
8385807
7955804
1530344
6037943
6111663
2813765
9844033
8190711
9831292
9482979
1087321
7460493
2337036
8435883
3915090
3717643
3708982
1494884
7522146
5600208
7195613
1251293
9217207
7825889
7389442
1057650
6761098
9253947
7803426
4452492
5638068
6563872
7464754
5590216
6686745
1260399
2068361
1524512
8749923
3843039
9155074
4220027
5877279
8459141
4824151
6819478
5339593
4588369
6083412
7869758
5444047
9309441
4691105
2476523
5080223
2444561
3589601
5126567
9709265
5589289
7923243
3623497
9927661
9906967
1314068
9438531
5087904
7332690
1562485
5347063
6119650
2844559
1014217
4089717
4058206
9312485
4762311
7029475
5315542
8558552
3636898
1694539
5860618
5960756
3298609
9806157
7923593
8250266
3312480
3315778
6799938
2963552
1403216
8978634
4298379
7261484
1016551
3896083
8614464
5524652
8081295
6707041
2054530
1375143
7219776
7443649
1203348
3437722
3089351
4235642
1828434
8123835
7507917
6944004
4845789
5888502
7816864
4825280
2874736
7529399
8056067
7983528
1683222
3115574
9405745
2295402
5761908
6442956
1566339
4926639
9869493
5409006
5984819
4495767
6367612
5924221
7692854
4645535
6606323
7698048
2640891
1814209
2289340
9744897
5652146
8399955
4032387
5351221
5818987
7310234
6492247
9219391
3278649
1430989
3075618
1024705
2147925
5861980
7814914
5100753
3883319
9215761
1787765
3079602
2864724
5741959
2872950
2136364
8916272
1017619
1706381
8550349
5868511
3928131
5690796
6088328
1610707
5220884
4384062
2228460
9197433
2376811
3949310
1719030
7528055
2365305
9064656
1163251
6437415
4593720
6433414
4040604
7383722
8038936
1984891
7203090
1596776
4733095
9072196
5989314
8680313
4115673
3057397
3550244
4699882
8470538
7606906
5517875
9855529
8752552
6360184
9800340
2680717
1286138
5365420
2884855
7433119
4354589
9001813
1542136
4969498
3201987
1262028
1669035
4229416
1586785
6149166
3490266
5416558
1385061
8754980
3660457
2526283
9015122
6585024
2861965
9467285
9435818
2163614
9655708
9035766
5431772
2126424
7199078
3629254
9178222
7903031
2105370
1676951
1331927
3075744
4581935
6770758
5169338
6551616
3230588
6791124
1535302
7631643
1566442
2589279
3396858
4267216
3899715
2096820
1212833
4791378
3453668
3666494
9294054
9734897
9833534
6447596
7002091
5156737
9907822
7757913
8946013
6814712
1934765
4677903
5149182
8101808
2648518
2643802
3512890
5617158
1677475
1142840
8690822
6703986
6457517
2430799
8901814
2725629
1722110
2846095
6601990
3400680
8287010
9123339
8104525
4804563
5882656
5340701
9019280
1486715
7462465
2797016
6940678
6337695
8874954
9224165
5373947
9895388
5617207
2204991
5771128
2646590
2975785
8880502
6901285
8737573
3412290
3792820
1006822
8670809
7702210
8406362
8319871
2225136
4720799
3280267
7949542
9608041
2670397
9330093
1324424
5683364
1755384
7382214
7484610
2292321
7910113
4294644
9242515
6878311
9955199
6104128
1167207
3041988
9539338
8660907
1365709
2993189
4331070
1854435
1812219
4549651
2654841
4237940
9045839
7135440
8110149
9984986
7247620
2873425
8729085
5599482
7050915
3716021
3040823
4646614
2438791
2527195
4292098
4601417
6235269
5532249
7431690
3732866
5488600
9055218
2325718
1662380
3584089
4861033
5784070
1357192
6732465
5737730
5290114
7558639
1554338
4114567
9106789
4614116
3163586
9165868
6131513
2059016
9237839
5152285
5372605
4334157
4971389
2266080
9138418
6273358
7602473
7110011
4690992
2394400
9208879
5055225
7585157
7565222
5884511
2269489
6537856
9774113
4198419
8761053
9797196
7734100
6690120
2144829
5096155
4704827
3140059
1769945
4496256
7769737
1718316
1476582
1932902
4059675
7891742
8958152
7129150
6831520
6655762
7810929
9927378
9885041
3123888
6956063
3174087
3800268
7990810
9063958
6764629
9012959
3339486
6741779
1795882
5046189
9483110
2119765
7905636
3566429
2706175
7584635
3391974
1838137
8535977
6217278
6959178
7613171
1092348
5748425
7320128
6762672
4189686
1875728
6937988
5500879
1907571
2856267
4419773
7036480
9986679
3420953
7095866
8735813
6947491
9053427
1970864
6575582
5638579
6998348
7316449
6277497
2738621
8994940
4004334
2748594
3162628
1541428
4939243
9494977
9355519
3895903
7939739
5172921
5047700
9542330
8255244
4698613
2814821
6077652
1412854
5526993
9166589
2234631
7285532
6330224
6374235
5589554
8290388
2692515
9579572
4238795
4463814
8106207
6418318
4725595
1628642
7556297
6878114
7221408
7426537
4152520
4993466
3973378
8073690
6263824
2139524
6001175
7138028
7451091
3276614
5305743
6593872
7486018
1973638
7644811
8511983
4463247
5668485
1855819
2445661
6349512
6801645
6438984
2062548
2308819
4086713
2577678
8868779
3280151
8061145
3772535
3012224
7065620
1573926
4323172
1688347
5863919
1863873
9797951
9635668
7402284
4775121
7322614
9889320
5452114
8402143
6434869
8149390
4312883
2312291
8453073
3912160
1332912
2582164
7478280
2777225
2083922
4364632
7973764
3451275
7254656
2177362
4176367
6352307
5557587
7902364
5520765
2297188
4648391
1077207
3744631
2017211
4504953
8828846
6636293
8815104
9790394
1519572
5851488
2124408
8216554
2875939
8947487
1228885
3683878
8423178
5719665
8436854
6383959
7913266
4703652
7613458
2377745
8878227
1880609
3656527
9227740
7952660
4074812
9202061
5283618
9809426
8820963
4429644
6485089
8354578
4334234
1738441
4504020
7332994
2109570
1654727
8477344
8981875
1156691
9940292
8654991
7088831
1829984
3403749
1234496
8570889
8349513
3614169
2014020
3189284
4031494
7696038
3758917
6617059
2494782
6463972
3844528
6410448
1864799
5838202
3385569
4708632
1602383
3296122
6756017
8339149
2573442
8134677
1476956
5575485
6395764
7276000
1993467
4831313
5221048
5873978
3322384
4460727
2383083
2442621
9023418
3573221
3053842
9767153
1345062
9788870
5251774
5262237
1146987
1213559
8718088
2667190
2437777
3781120
5316161
1594854
6519295
1472460
9884158
8680154
6132397
3898682
3166844
7928331
9146590
7772061
4692515
6558111
3321150
8581685
3184138
1178223
7588469
8113677
4889894
7204392
2134559
1304242
8193353
7100097
5784662
2215278
8798621
9593287
4526300
8818977
7271492
9738183
1345187
8036160
2244610
5738673
8610191
1096892
6078144
5680065
6204662
9802113
4912785
3676577
9350188
4301103
2236082
5635533
6751905
3938329
4275214
6222240
7874901
9943216
9345083
1827963
7740971
1073513
5857363
8104938
3213155
6466385
5574503
6272933
2581960
9482209
4470034
3923760
9420715
1423312
4902360
5297054
6863920
5246864
3813365
7219373
3007274
6444762
9708923
9737263
4319143
5492826
3521233
8576724
4685496
5351299
9345321
4410244
7335897
2219948
8853975
9024572
7750174
5453691
7764706
8987371
1500838
3298930
3886199
9135351
4318360
7699751
6395991
9873518
6754381
9090987
4293501
6918992
2515507
6122832
5326760
5737088
6548618
5931389
4389221
5517596
7736486
7458910
4792090
4520594
9498956
7382309
5805522
3232521
7797878
3180069
6585855
5561937
9237125
3877250
2625731
8736748
9223051
3713360
3267184
3511354
3611003
3672207
9605589
6636693
6050754
5835954
8479662
6920220
2754359
5340352
6971422
8791035
8862746
9580603
6469706
3162061
2552792
4903819
9835593
8878312
6662381
1248348
5834044
7024869
2026479
3769026
1527677
8082595
4998942
2782460
7855328
5882957
8754355
3387080
9769435
4313862
3722365
5241461
9614049
7822550
3031586
6379195
1840883
1667918
4993205
3615256
5495319
6000089
4142772
5518254
8058196
5995751
9167330
1569666
4847305
3110631
7247747
7951812
4435869
7052160
1911615
9117162
8348481
4253625
8626292
6624952
1793983
9185767
4887624
8384873
1422576
4922236
3992201
3749102
9895514
1054789
2316765
1437960
9720775
3911929
5912954
6000166
8523450
5033984
7415675
8977246
4670581
6935530
1475195
6564116
1196151
2507456
7127054
6133434
9901750
1992370
3810305
6687833
2738474
9269783
3608205
2886250
7371542
2874545
1409031
2055016
9411732
4827848
2283842
1749853
3535401
9008819
7941771
4266699
4794879
3129170
1004313
7310265
8443946
9777967
9642847
7275575
4979633
4103142
4328890
1570187
1337412
1639022
1290052
1721586
8074251
5523468
2741074
1538892
6496562
9244550
4580373
4752942
8147352
1445781
3283147
6583924
1858169
5315095
7777411
4940942
8019588
8538853
9923929
2161318
3068160
8493241
4091995
8173255
1425766
5644838
4487239
7935607
8422508
3626291
5294096
4780839
1565857
1195452
8314065
8007729
6981148
2075633
9689665
5539752
5452765
2149257
4504633
3532700
8365188
5595327
6045184
8979397
2127934
6700677
5335971
3543004
9126765
1002072
4990412
7171540
2777409
2740283
4396614
2005313
7783410
3698567
4151239
3765147
3561006
5949470
8983404
4843019
3014286
2264574
5626637
7278338
8704456
4390548
6662607
3479662
3106766
2826531
7748293
5325479
6636888
6771214
1527817
4105692
7106222
9350203
3008903
8351764
6594209
8150909
1316500
7495633
5997067
5738207
5925646
7239988
7938811
5833322
9862530
2255729
4887176
6163508
3455048
5506976
6985148
2954110
5300235
5294382
3012517
3089623
5828954
5928655
1382080
5108317
8471317
3642906
2831161
6144103
2078548
4225911
2897123
5413890
3558543
1670484
7216206
1818164
8106711
9873212
2794985
3142993
8688676
4700791
8245337
7438961
6692222
9522815
6832431
5904736
6364941
5416800
4679328
3933899
3558472
2286063
3258631
3668380
2891847
1921833
9771049
2982305
4194595
7676547
6076472
2771468
7511808
2560087
5339587
6880439
2294940
2264753
8850423
7962378
9307198
3375870
4932636
4037881
3337680
4800634
6599080
4715252
9046838
7805687
8514877
6657030
5359591
1326914
9889662
8817796
5040060
8858098
3005278
3303968
5320879
4544004
5825234
2517172
6565892
8917144
5457486
4104226
8993577
2723133
6380449
8373776
4648574
9344015
1669617
2843704
2820247
6456483
7770606
7594436
2950838
1180048
6723161
1975396
3990346
7525340
6061456
6984020
5372679
8416817
4895962
5936484
1347607
7835942
3814524
6488226
3843761
8561013
7823337
6798328
5278021
4396734
9434625
4498704
3882342
8822938
8194762
2848658
2559082
1620066
8871284
1415231
5566675
9644014
4314841
3726676
9449462
1747567
2945719
6004053
2520743
1173030
2791766
9187804
5809623
8825442
2781424
9067298
8621909
6653075
5388659
5486816
9340666
2453947
1376943
5096313
4256360
7978668
5765215
8940647
9878076
3768974
3955179
3425988
9476560
8334721
1923790
3041534
9412923
4824770
4840957
3390540
4997407
6827451
5812758
3177116
7653894
2302565
5083872
9883247
3039207
1054002
3864120
6443970
4501989
6834454
7173192
7131216
5612352
4494680
3233386
5619515
3079072
2081908
2858095
9123661
9875809
1095842
4397141
5657226
8584115
6206560
4395020
5955578
1845467
9289594
1026803
5431199
6135215
1987074
6134432
3545781
5196606
7982392
2814758
7622703
6974078
3450259
7382709
8969307
2571879
8243762
3312714
5020938
4797031
8286364
1271414
8382249
7213419
7049751
4289704
8773067
4990833
7488200
6278975
7156375
4125257
7029926
5172564
5852020
9416533
4672646
8288775
1423731
9531471
8374580
8057543
5835785
2909464
6590854
9249638
3905459
2158434
7512884
7538758
7900673
8700040
1942220
9189941
8915450
9543942
2808876
2879549
6209875
4540945
3334919
1747007
2556794
4824289
9676513
9812276
7072084
3856966
9733075
1708842
7194383
8647746
1930866
7104609
2608098
2283668
5219756
4318762
5584865
5326266
1704821
6882131
5744756
3616359
8124189
8856630
7775047
1373110
6353665
3123828
1864337
5197199
5077441
1124780
5215292
3977876
7535271
2465871
2535253
2880517
7566324
2236704
8492456
5945620
1664423
7760987
1035142
5290135
6032987
7004686
4569245
1079643
6389519
1318339
3267099
5983939
4108010
3768892
1648309
9548384
1239416
4803038
8306299
2283750
3156233
4990203
8360302
1557179
8376629
8213543
5675282
6495702
9858642
6459997
9050908
1061994
6725888
8233971
9582199
7101889
2792626
4271262
9650936
8512018
4607859
5295314
7685251
8540733
4120753
1779202
9981864
3502944
2670177
7691923
4597010
6304505
2539270
4352543
9061717
2458276
4626377
5053112
3445741
4153207
4071929
7380384
8697253
2261071
9111217
8262006
2458165
2608499
9248047
2451227
9676007
2477521
6356708
3666481
5484927
4206656
7392417
2974474
4959932
6512249
6194651
2027232
1914268
8622708
8397588
6272384
3859865
1414548
9672689
4059288
3019323
6185433
5258184
8934912
5826575
5700410
6679823
5275776
9600266
3783608
9549181
2428700
2913050
8225385
9933241
2427798
5800093
1536024
4656912
5398046
7791601
2462231
7161161
7104079
3230777
8624661
2533715
7401508
6100013
1791872
2559052
5515228
2855234
1644159
8812896
9936261
5999468
3745013
6357137
9979314
5359750
3911470
8643233
1003375
9181948
8956816
5771767
3533255
6955383
5285550
1153222
2367435
5736556
3243898
9536830
1768093
1383592
6112333
2981499
2986595
6653773
6236805
9721230
6829848
5365769
7444754
6249650
1357953
8419039
5480896
3137868
3337523
7302872
6430785
1594743
8406183
6736413
5402305
6326292
7789429
5595314
7393586
3631518
2298670
5361803
2243161
3964500
6709577
1526136
5210538
3269496
9126320
4771195
9483947
9560570
9818807
4585090
1483334
3240040
6411275
5900075
3450898
1041462
7329711
1130439
5739076
8371103
3201700
6323262
8187602
4634206
1579156
5871456
5717902
4755310
7468458
6812216
1740689
6893800
4203959
6696141
2260108
1092005
6626780
9975684
5241107
1590232
3293150
7851262
9401309
4298868
5285332
6215544
8377078
7054163
5994742
1209077
6402466
6136870
7091920
4627047
5141840
7974903
1589745
9800298
8451388
5652385
9170273
8387987
4671249
5656982
3324169
2307397
2425529
4735915
1810506
5018649
4153880
6983344
6374839
3414914
4186070
1362634
3342783
2685094
1655571
5534851
2562638
1110861
6609743
5345309
6200201
8917629
6109092
5403229
9616803
6719556
8737318
2079944
9094796
3665561
3881116
2333217
2045812
3315898
2782030
8618086
4372567
3451915
3565005
9696396
4044278
2037041
6442356
8826165
4734391
7044531
4428568
7697138
7662516
2399174
2603415
4284036
5923459
3315598
2169798
8432109
5404058
1663764
5481988
6766787
1256520
6242904
6056597
6311851
5361604
2081927
7863377
7864991
2003211
8468878
4590062
8176131
2898061
5007328
3162880
7477818
8657253
8830185
5142121
2124261
9619477
1941627
4433824
8919487
5848967
5701108
6156320
8968702
1878686
7379432
1273866
2547286
3834948
7678165
2171569
5504138
3862075
1408518
9653665
7598791
8651478
2274234
9065487
3890649
3151508
1867425
6573340
5910268
1314788
6654730
4620155
6265508
6120554
9000160
8870347
9031205
3942969
2131447
2416560
3533788
9381698
5408970
8986372
2219647
5464621
9946637
5061535
3602930
8672448
1630720
7961586
5407864
3529758
2077377
2896054
1233847
2138034
5648375
9741447
5923437
4064971
1251545
3472535
5359601
2831611
7894084
4368215
9557532
6451522
9559680
6580728
8194234
9600261
4815984
8508082
3752955
7076977
5857677
4824838
8860046
8011380
6265273
9818447
5388415
2248177
1879829
7405113
5366000
3408999
1465474
3736279
1447175
4717161
5682580
5773666
2310906
1579296
3485750
9807544
6997100
4051879
8110904
5601250
9850348
2432261
1695626
7113956
1962907
9073591
4877642
9796863
2996998
4290494
8184553
6861700
5845791
4696913
9591188
2055281
3232347
4064182
5650283
3465535
7877440
1429741
7215105
3912479
9450445
6462807
4210217
8672095
1645065
1448276
5052377
2140598
4739252
4944556
6062598
9335041
2717757
2012036
7624250
8759251
2398105
5704668
1886603
7345892
7645330
1118674
3310111
3804686
6683890
4722337
6054150
2402136
6891056
3145286
8289793
2825510
8492786
9735902
9953378
9955513
5983920
2160641
7951480
3520311
5162313
1947436
4203367
2104489
6076651
7696679
4711121
6504534
9920711
9122273
2018820
6032187
4153036
9517416
1658091
9213892
5532957
4984377
3676552
7805878
7293309
3530485
1503725
9697362
1240399
7809616
3060484
3391963
6052453
8711727
3613830
4215483
9368870
4699504
8676714
3098717
5900395
7567724
5346216
6837198
5094778
4367868
1290840
2229235
8040041
9072794
3871329
3427518
7083088
3029584
4764436
7044884
7379377
8430280
8941825
2821194
6051075
4757151
2820892
1440343
1616798
8462979
3626289
1897195
4680672
5627334
6511626
4443458
7394704
9187764
2068763
8346776
8144113
9221708
3519135
8403813
2675028
9853490
3716916
1493223
2479043
4824374
6295853
3485316
4031678
5000300
8807027
7115165
1716196
6813369
3552357
5301971
9255506
8921236
6162747
2105716
2606753
8503693
9006815
2553047
7715817
8893163
1345910
5218429
4646998
8152070
7000461
8042927
5161643
9284221
3925512
6887557
7608563
4666515
9029524
3840272
7100134
1892237
4903689
3956906
1466738
1961482
4168205
2759384
9538558
2964588
8486214
3825225
6533176
4264220
2770481
5083622
4611343
7929806
2334181
8831888
2608031
3018606
5557386
7913634
4496371
1802640
2830042
3631347
4368578
3961515
5525577
3684658
3067906
8263130
4882527
6400378
9476922
5091140
6826997
8269497
3627852
7771016
5364172
5894392
3844579
8469896
2559498
2486772
9770607
9505821
2517053
2358123
7687074
4923227
2704565
5788383
6286851
4867274
9703672
3664560
4923011
9792590
2086744
7869881
3144201
1993646
7745595
1561425
5825731
5629900
5928120
2731892
1449148
6609531
1241583
4451513
7407251
8567618
3136040
3564687
4999543
9418667
7588578
9486890
3375678
7825053
9585312
1803091
8685825
2605135
3610470
9031193
6802807
5247405
4571214
5382165
2125870
4397564
7399269
1406173
1462244
1119789
2134101
5074911
5851006
5011629
2248770
8885738
2994469
9950314
5204882
9258797
8557151
3250259
2351693
2399687
4061004
7594430
3696566
5950027
2866953
9598885
2970512
7534423
1532588
9373182
9411438
2982786
4064635
7252219
8400474
5546200
7484952
9406897
5513467
9578764
3608310
8454652
7949338
8094508
2669132
9014581
3807226
4210179
1497791
5942893
2231156
5834673
6664407
3817622
3758038
3730460
2526240
3994192
1805810
2889457
6382166
4318331
5107818
3224783
2482763
4574249
9741156
4835612
1206005
5127493
2966067
2066399
7149514
5542273
6928341
1692912
4226856
9599175
8702325
5721592
2429079
8593071
1269383
5821704
7427757
3492109
5002163
2279705
4463554
5626635
7953262
7894217
7813683
3651949
7750310
7552243
9221603
1294500
4242891
4368326
1165880
8910367
4941775
4300983
3479345
8079763
4293422
2973473
5004467
8249506
3129448
5208622
7567334
1440032
9957528
9647430
5515919
2196912
7008138
8098973
3403943
4566416
3423079
5861451
2478103
4802926
5989933
8538972
2833083
8634527
4948228
8188160
5165595
2676898
3343000
3641940
6856378
8035744
9961602
3188844
9051447
3027846
5323565
5124619
3275498
3246500
2032002
3626744
5255183
8492244
7779099
2244164
2440488
3423961
5259725
7576008
4305262
6353293
3865322
5410092
2886060
3550636
9454528
4233355
3099842
2939014
6803473
6089433
5949629
1931040
4732811
4744855
7130726
2215745
1327712
5725774
8291758
4706197
5718875
1761602
4494599
9772297
8143465
3379686
9208003
6567594
7084734
8713697
3263946
5734811
1781332
9007097
6981999
3271549
5663914
7504550
9838484
6331541
9643636
8226287
1844754
3372947
8555402
5039401
6249365
1825281
1721589
6890009
8652924
3984477
9848369
1283322
3868372
4694766
2465013
3291959
1279027
7167201
8357664
2803603
7573542
1772891
7751679
7100799
8286023
2383756
3974713
4406305
1924129
8378810
7374807
3442500
7306967
1540003
8150382
2998644
5658224
6223271
8261704
6568237
9706172
1313856
5323612
2734526
3599357
4048915
9439508
4634404
5336651
5030067
7846218
7408270
4718433
5008246
2524255
2759266
6716834
7334380
5911077
7240457
6532945
9044115
3935871
2077375
3621112
6999626
7849489
2943406
3880656
5755309
7999303
3085517
7601993
8319424
4524763
3576750
8437634
2735088
7336038
5253166
1477224
9355162
3282895
4854263
3485267
5111418
6212823
7069731
1385252
5083716
8762955
6180075
3653050
7738137
4869898
3480612
1461134
9668079
4501096
6268431
5716285
5006668
1956112
6664129
7326685
1531205
1775346
7834416
5372179
9998077
1901498
2715827
3667380
3970862
1957456
7471054
7940942
5263063
5709975
8667102
9989324
1093261
1745312
6077360
1909770
1215632
8397811
1251792
2263464
9355137
9698303
7592140
3948286
7855059
4208120
8468200
1417793
5699454
7208823
9308542
9237113
7562383
9365961
3443965
9645090
8513479
7552477
6419744
2872420
5053415
6063227
3489577
3762803
3440784
9308533
1680177
5355963
3268475
4820341
5674399
2966556
3808441
3393412
2797666
2050977
8452776
5963463
2803929
5936799
2500545
6750278
4635122
1170205
3173954
8577984
5195623
3643302
6269054
7454702
4253710
3218447
5121264
7041582
8999627
9197509
1201757
7293303
5050895
8704002
8211518
7779456
6406763
2354161
1706809
2179333
6549590
7954362
7185184
4212317
8773350
6575007
8361907
9533929
4403696
3188168
5977081
9498473
3875165
7407547
5702467
6139849
3889769
8785207
3313002
7584666
2976867
7357334
2989291
6369098
5207505
8820812
6305253
4008174
9084744
9559027
2608759
2659750
4252833
2328739
4374374
4972714
1373304
5932743
6077817
8861838
4371325
2921134
7196788
7139930
5752895
4455158
8266118
8566387
6574016
7749833
3596200
6715100
2625365
1032429
2250324
8437398
5387086
7579234
1867440
2086398
4776211
2464028
2326812
6050612
1837256
6809152
6704489
2343910
9045932
1165605
4438111
1864794
3519329
8245228
7539708
2517343
3292977
8823996
7141680
1951438
8991706
9971916
5875241
6569215
9082277
9048840
6178259
7507035
3485961
3098218
8330136
3719221
2811756
8305114
3687427
9532620
3865859
9906405
8068247
4779134
3127519
9984110
3261432
4448237
2002060
2616039
3667102
5249257
1931811
7883900
3040412
9295748
1227227
8638891
4209405
9876777
8240556
6186924
5765750
7186966
6986898
4175840
6752383
7802453
5779678
4350977
5531295
6258998
4908062
4300824
8632139
9691261
7366751
1623081
9960575
4958538
6729219
4530264
1495577
7742572
6284755
1391486
6205497
7735276
2607609
3998267
5126249
9960570
4674530
9691119
4233143
5562071
9048669
4588452
6445323
3008121
9601904
5977525
7491015
3121736
1125534
9155528
2934997
6719960
4415995
7314609
1403642
9782752
9486104
3593110
3107326
6679223
5051368
1445998
6245717
4304155
4772746
7932921
9801919
5150072
2751391
5886844
1414508
7364210
9206115
6433099
7212724
9005385
9828703
2149466
8888652
1657758
9748705
5469034
5674296
5947760
7751125
7615495
1703435
5424301
9345873
2230347
8000475
7437075
3712815
4415460
8933940
4473847
3583262
8378967
9048469
6315214
3890718
1076673
8277734
7880935
5767776
3278667
7248401
7610014
9668596
5557367
7113447
9086388
4192565
5110706
8534967
5905995
5291699
5912110
3040427
9805674
6177207
2157848
7974249
1818052
5119586
4950131
4533487
7313052
2703246
7371044
8606550
2026616
2125689
1944052
5824600
6565009
6272143
9075843
8902076
1656555
2609309
2322206
7603341
6970178
9929717
4159439
1287360
7847071
2737823
3935064
8537204
9722959
4167387
6698300
6241703
4420951
1939605
4207531
6693169
4719353
2141431
7005507
5939676
4744242
4969987
5476446
5641214
2602497
8713728
1941025
6435652
6455782
3178937
8347652
4156957
2706675
6812852
4461560
5581046
5550406
2067465
1309340
2328600
6085252
8259772
1307936
1870718
5141774
7314377
9093434
4132277
6398631
3353704
8914283
2720302
5491865
6541973
6074228
8103620
1890039
1185186
3449391
8840041
7847738
1651713
7674160
9029549
8830299
8296612
5921868
8792656
1507517
4270279
7672711
3020256
7885735
4811375
9753858
8406007
5980915
8392571
6748848
8968265
7151284
1139470
6091567
5521363
6846331
4909264
2487091
3265576
7752737
7188393
7190635
8473858
1920228
6309733
2903219
7301338
9285006
6158958
6712746
9808210
1932255
9735737
4542408
2527943
3319156
7576441
6438726
6119253
6998564
5321044
1725481
1403200
7966844
6701376
4464362
7286549
6693498
1974253
1856830
5462415
6825007
1487775
8056108
3439028
4020043
1672517
9573493
1737374
4500358
7351875
3837343
7103635
4515778
2284223
4193058
8406687
7284196
6020992
8939864
5134504
7425408
6573339
5845913
2370966
9601609
1920998
5827430
9291989
7307176
5913604
7505930
9810273
7549005
8375719
7803699
5222660
1047823
8118310
9362838
5570424
8633641
4226139
7290029
6667961
8952663
7405206
9695996
2413559
7880023
4712948
2964463
7095449
3580133
2496235
2474168
2703473
4003059
8162990
1926860
8859672
2831389
9465630
3478700
4401836
1888832
3976702
7799612
1572853
6511087
7038980
2323752
6929609
2916735
5561479
1693472
5206456
7350899
4511942
9849645
5024038
3778995
5947271
7862091
3173017
5221778
7419816
9941934
5943565
9014896
1039172
9064974
2285821
9864413
7905808
5371952
1993605
6917058
5942095
3250336
3768243
8510527
6213703
1724084
7639890
2030599
6301350
2721827
1020720
6726846
1689903
7639962
9352405
6321555
8208059
4151327
7054597
3527290
6995413
3812930
2971884
8611792
7572640
1142996
3411240
5959986
8593419
7677055
1531395
6360224
1198531
5529764
5975372
9417975
7505096
3530084
1825532
7831891
8766711
1243081
5893924
8340996
4174266
5178945
9247037
3896037
4766420
3438540
7613986
8908785
8668844
1494452
2738473
8154366
5656134
8477646
8011676
9662097
7581901
9299475
3699908
2588381
5221028
7232145
5798280
3988208
9831980
5172891
1350455
8015963
6557326
9470511
3853279
2905500
9336995
8261134
5940388
8316118
7436790
6776117
1418895
3607788
9441399
3080507
6846030
1971430
8362898
3483395
4834244
3739734
8323712
6298546
2030324
4627732
3893711
8546363
2139250
8179139
3967339
2256299
8205681
5902653
9812012
3011839
8666104
9219265
1427856
6986747
1616711
6762482
7888803
9644545
2083519
3249509
2513467
6716851
7597691
3919066
6978898
1045154
4800561
8041670
8241123
7128397
5592769
8022144
8267726
5128532
5945897
2945136
9229679
1237783
1989695
6855512
2096457
4561649
7908338
8464366
3449363
1101959
6194267
2813225
5344112
6231237
8851037
3997545
9460555
7153379
7676029
8850097
8631969
2850418
7124655
5459473
6752776
9722165
5803597
3727364
1810127
7595895
7160655
9619778
2021208
9401219
3800127
1224447
5089648
8187597
6881449
5279488
9817377
7613318
5391580
1859365
1077404
7303708
8355365
2076846
2164546
9393256
8640637
9089609
9968147
6135554
9289320
5850088
4529695
9406343
4331536
9959505
3490163
1705534
1394535
1337398
8538906
6776043
7358702
3711717
6220198
7092947
5722478
3874879
9595124
1980334
3534199
4168779
9767515
7606716
6812264
2973785
1049088
2151384
9858757
1126707
6380192
2185926
2727616
7294641
7145913
6117275
7191579
9030602
1080372
5215871
7647866
5810059
9118714
3203703
5584074
4687574
4848898
2692490
9087864
3393745
4707622
3302392
7357508
3816203
2202310
9894473
5826331
9580120
8992206
4041394
7945689
3690426
6148957
7421576
3081838
2910599
1839907
8141139
6538243
8347106
2723686
1297195
4728459
7232080
6842691
1093317
8650904
3175688
1964446
9790701
8349632
9050466
9525823
8803270
3284824
1216202
1153774
2604666
3900795
2247715
8106111
5456402
3216947
4634568
5769767
3283592
8958804
8330658
4810766
1805797
7459053
2691741
7247320
2086656
5292887
8192920
7399561
9099136
9936965
8806199
9712984
8774892
3007058
2870460
8038629
1328612
1370456
5929651
9370379
5151292
2296540
7883316
9509560
7403825
6814841
7837639
9845306
6197583
9505071
4023229
5682521
3497199
5500736
6174156
9664266
5759371
1041664
1329832
2802535
7554749
3312865
9223710
2634957
8185245
6371444
4761169
2205978
9107027
4369577
5798165
7273548
8007087
9501477
5018524
2016970
9449904
4106525
2737444
1770013
5931967
4917917
5574749
7548920
5030789
6863368
5046015
7797226
3051153
1482336
6220768
6174643
7881998
5535204
3807685
7059124
7006617
8184865
9500527
6593601
3583223
7184489
7155937
5602574
6713193
8501513
6442330
1163656
1795185
4498000
2519642
5977496
7827413
3982251
3739666
9405095
7822878
1322142
4936829
4027616
9354908
4757001
7637618
4161775
9607070
6734399
8069277
9690348
6114897
2105891
6073458
3940536
8104869
2414334
1476427
3137433
6656163
6094492
7760402
5399764
6996815
7417459
4812482
6909492
3936451
6559751
6765251
8438557
8949177
5076966
1212470
4655607
3554139
4666283
5524714
8368854
9795597
1711730
2724087
9244227
6078717
6487643
5197433
8503099
2587033
1419468
1165222
9802684
8560219
9425738
7471655
8172196
7523272
8379274
1885198
6241770
7795009
7092890
3786186
7300746
4331423
3817565
3423187
7240242
2513173
9424571
5766228
5365366
1402306
3555736
1452021
1815005
9129027
1336995
5811870
1049303
9540531
2893443
4424548
6794639
4815451
3586163
7396918
9996839
1872477
6819699
8176564
6090829
2579604
4367019
7850463
7235734
6995207
6543110
2387112
9933584
5469870
6074660
9035075
8072080
4086233
6319581
4408128
9212659
5936470
6004290
8086609
1687491
9422177
5848306
3389645
1613648
9997092
3852666
8071068
2948380
6180895
8719589
1109851
5375984
9618559
4416131
9107237
5818939
8548725
1903271
4397130
8699218
2512993
5005565
9086582
7605192
8564110
8423733
7400831
2684342
2795180
1394595
8557187
2674854
5063385
8542486
7023537
8794539
1937830
8090866
4401752
5614689
3295430
5179002
5186298
4942233
9072126
3564452
4256373
1533016
9340643
1965789
1876270
4989274
7165963
6484999
8486663
8327714
5704524
2337699
1110702
4694236
8815224
2496999
8160367
9330299
1953413
6424275
3697610
8903574
3585299
5446649
4262709
3421794
2142136
1847689
9123598
7442482
5775730
9241800
4341986
3980192
6087680
9902321
2327943
6440743
6130627
3808593
3059015
1554456
5002320
1960297
5229656
1543833
3142915
7488306
9900281
2267259
9219389
2399151
3568951
7448737
2277696
7054566
5830427
2756551
5103559
7807384
6735206
3517716
5494531
4925534
6803358
6203664
6090239
8991498
8955191
4328152
2079866
5037787
3111721
5899473
2705705
5428853
3075078
4281371
3502298
3564067
5766435
2362451
3260794
6804892
2418622
7210812
4847583
5753117
5705920
2723032
4082874
6966092
5399661
6888304
5101133
9253821
1552750
8417602
1797400
5254473
6158628
5010563
9863048
3867178
1603505
1270605
8855432
4597199
9614006
9825219
8722223
4455408
6777677
8711714
9853398
5119013
6510278
8251758
4434915
1725321
3858604
9077800
4572194
9495541
1514632
8607453
1810488
8894878
5524812
6219356
4502646
3863123
7355443
7198681
2774474
6002917
6926561
3815797
4831710
1218185
5932721
8834535
6514300
3179797
2721592
7692786
8188851
8900161
7779842
4860495
7117958
7275548
6767055
1795584
4598350
9433933
5726713
5236807
8210105
5397794
3384682
1488063
6529824
4815161
7511174
1393671
8328773
9586379
6985395
5052616
2523458
2847342
5843929
9545007
8275394
6849090
2854611
8805060
8427083
1244650
1978843
2114479
5637460
7849402
9878144
7115314
3269141
1893131
4044953
4734690
9400308
6913273
6578880
4124516
5809923
8847775
6970773
4489558
1434485
6794614
7655248
8875052
1733409
7918137
9207626
7629433
8235288
5888482
7122609
6420969
1534237
9015334
6389294
5658961
8061499
3532653
6961066
2137371
7176544
1183401
4216193
7358232
6613927
4740137
3170189
4129184
5231047
8375796
9980823
4979208
9575124
8991683
7735758
5071050
9038507
1705592
9727062
2602726
6999354
8342865
4736315
8702242
7462140
1375541
7638167
9161400
6239913
8185210
7531801
9534702
7120258
2966796
2995119
5826012
7553221
7076628
5325950
5902501
4664138
3076371
6618683
5021807
3927664
1791746
4678101
1818276
2303538
1879371
5580969
1579628
8655607
4270407
2259205
1188688
3885063
3195743
6053250
6990833
7760863
6798142
5349811
3684476
2347577
7818990
3589446
3183253
5741974
5406148
7210732
5566184
3030906
4754505
5041805
9161342
6868265
3057737
8909248
7775268
8626904
7769406
6287969
5873958
1213852
1319200
8686600
5227410
8161466
3100241
2705082
6569230
8919619
4538787
5134369
8438527
1048212
2083433
6245592
1761356
3852039
5147131
7954075
5442827
2510198
1678569
5012765
3489619
1122003
5234495
6811422
5025719
7442853
4109925
4846938
1226726
2231030
2343942
2955391
2666929
8719012
1343227
2352986
8884604
8211999
7279471
6076609
3756941
3937532
6389158
2854902
1761671
6657908
6614548
3849506
2208733
1197368
5333769
7143837
8456008
2203527
7065191
9450374
6335896
8610741
5913701
3093344
9047918
2209470
8287987
5321459
3875498
7939339
9757069
3623671
8044314
8776850
1072982
6886462
1620062
2137964
3998039
1753843
1038755
4495542
7189250
3473620
5205721
8694694
6184034
5486805
6935518
3614264
5362599
7788233
4320453
2359204
3066356
3585160
6922991
1374493
2744466
5680466
8171508
7039290
5711825
1835762
1416593
9372547
9290816
5173408
5688160
9434401
9100210
2954878
5170713
7659648
1625613
5948815
5400112
9317687
6788649
6235878
8123338
4709541
2653285
3051283
5115870
9154133
8218415
8685775
3225384
1379914
3866049
6765172
4455227
7206061
7412993
9383658
1300323
2416768
3841823
2532469
3308569
2274368
1641359
5464133
8566845
7813995
7397046
3054174
3982510
9540175
9900594
9532748
3646516
5292361
8821288
3909697
7177262
5974241
7857891
3210170
5950942
9554792
3848419
2982329
2300396
9594085
2358329
8034182
1819933
6872275
4731429
7788802
4526709
9195518
9449857
7832648
1691189
8492576
5046421
1184538
4519498
4908062
8831523
9953268
8766878
5927525
1089507
5507256
4985711
2264790
2591331
5900422
6370564
5989089
1148162
2520933
2195977
2088070
5208830
2040713
4903247
7264509
2828638
4107490
2874921
5282479
3979221
9594196
3206345
9821060
9662587
6526660
2760968
9061456
9243039
2121955
4323283
4799515
9309265
5352604
2775152
5264099
3154855
9515694
6510091
9079843
8263515
7185565
9498532
4875931
4000837
5630489
5060267
8956834
3564852
2126956
4429232
2248751
2238772
3948133
8951504
4626926
5944301
6730503
7408569
2537997
9009611
1825915
7274984
3634557
5808444
2554107
9590729
9554218
5319555
5747652
7641254
3591982
6473302
4307914
2582193
7170382
3307552
6150611
2286622
2525064
6996838
4215301
8514188
7738865
5286179
2847867
3630435
1945383
1997076
9949630
4990132
3574519
9862318
6963086
1277276
6774029
6352806
4486745
5321241
9235456
3353980
9803203
1125389
8000770
6953210
6731700
3600061
7166212
2302695
9831486
7508745
9764507
6919288
1927656
1338226
3614893
8595150
2752274
2471403
6283256
6960370
7355688
5067171
2602993
8254127
6160152
7740541
8106458
7278094
4668296
3492741
9646571
6387462
1662031
6738719
4880615
5329102
8191944
8406772
8332289
8528172
6516078
5651381
2660992
6478110
6540373
9187702
9558596
4379101
1250754
2777926
1218109
8792057
9781522
6781824
9287463
1165180
2288997
8613756
8922258
3002419
7709102
5476513
3018034
4540439
6155957
7440793
9459034
6017110
7859336
5107816
5387771
6619377
2084712
7041550
1856583
3243382
2645192
6726685
5568563
2840979
6007675
9644461
5929849
2499145
5916757
7852449
1987531
6585831
4909950
9830066
3108560
3359175
6318118
9724168
6708637
3363411
4224660
9830338
9335102
6812749
9549257
9281082
8669858
2886771
2996975
6232580
9917799
8584900
1025886
7796787
5553590
2170479
8301287
6635289
1780048
5936168
7491504
4523458
4454482
2266940
6585228
9225742
3137190
5143461
4671793
5032352
8531030
2706849
9243961
3667284
7311962
6193759
9002149
2929038
5489761
1933042
7401902
9510366
6521144
3793804
2578393
2522130
9613078
7141629
4500220
6487919
9584348
4760380
9638350
4420816
4139484
5733221
8080481
4885533
8210815
4261793
5314415
9786724
4585891
3938117
7256303
7114852
2890576
6145046
9500678
1045248
5030198
8373548
2500741
6791524
1165373
1149751
9429021
5977325
3950769
7317064
4485469
4118162
9592950
9439336
4553929
3201429
9263957
8670922
8801710
9741184
5746913
6026975
2962911
3816036
3528499
2621012
1097603
4824318
9292551
9644755
8455435
3291661
9176445
4475937
3233975
2764538
1728498
9226846
3311891
1530258
3353474
7790439
5995316
8491200
9928394
1369341
5928564
4048982
3016265
6802339
1050609
5703945
4786082
4040195
8509700
6849015
