1001344
1002072
1002087
1003375
1004313
1005464
1006277
1006822
1009020
1009581
1010259
1010416
1011377
1013680
1014014
1014184
1014217
1016551
1017619
1017938
1019465
1019913
1020720
1021024
1022894
1023288
1024350
1024705
1025569
1025886
1026600
1026803
1029365
1030956
1032372
1032429
1032603
1034406
1035066
1035142
1036892
1038755
1039172
1040783
1041462
1041577
1041664
1042285
1042904
1043247
1045154
1045248
1045977
1046514
1047823
1048212
1048630
1048679
1049088
1049303
1050070
1050414
1050609
1051237
1053941
1054002
1054284
1054789
1054859
1055327
1056525
1056747
1057650
1058689
1058786
1059056
1059744
1061195
1061994
1063723
1066481
1066531
1069828
1070567
1070752
1071823
1071984
1072982
1073140
1073513
1075639
1076365
1076669
1076673
1077199
1077207
1077404
1077436
1078419
1079241
1079394
1079643
1080372
1080955
1081730
1082065
1084438
1087321
1087806
1089357
1089507
1089907
1090527
1090709
1092005
1092348
1093261
1093317
1095842
1096892
1097603
1099386
1099932
1101959
1102235
1102294
1106138
1107022
1109851
1110466
1110490
1110702
1110721
1110861
1111620
1113879
1114083
1117647
1117870
1118674
1118945
1119433
1119789
1120455
1120699
1121635
1122003
1122251
1122946
1124780
1124988
1125389
1125534
1126707
1127964
1129808
1130439
1132710
1134376
1135350
1136411
1137427
1139470
1140739
1141689
1142010
1142840
1142996
1143258
1146987
1148162
1149751
1152642
1153222
1153774
1154019
1155926
1156079
1156691
1157766
1157826
1159806
1160629
1162685
1163251
1163656
1165180
1165222
1165373
1165605
1165880
1167207
1169113
1169175
1170205
1172439
1173030
1173109
1178223
1180048
1182991
1183401
1184538
1184999
1185186
1185376
1186379
1186502
1186727
1188188
1188688
1190698
1191505
1192658
1194136
1195111
1195232
1195452
1196151
1196196
1197294
1197368
1198531
1198627
1198845
1199006
1199044
1200269
1201613
1201757
1203348
1203381
1206005
1206075
1209077
1209702
1209807
1211952
1212158
1212470
1212833
1213559
1213852
1215632
1216202
1218109
1218151
1218185
1219769
1222427
1224447
1226726
1226952
1227227
1228885
1230341
1230362
1231926
1233017
1233356
1233847
1234425
1234496
1236365
1237657
1237783
1238811
1239416
1240074
1240399
1241583
1241897
1242489
1242560
1243081
1244650
1245422
1245805
1246253
1247046
1248348
1249428
1250754
1251293
1251545
1251792
1252033
1252952
1253828
1253844
1254210
1255901
1256520
1258782
1260399
1262028
1267264
1269383
1269392
1270605
1271414
1273143
1273203
1273866
1276619
1277157
1277276
1277877
1278917
1279027
1281945
1282683
1283073
1283322
1283820
1285588
1286138
1287190
1287360
1287363
1287494
1288893
1289754
1290052
1290840
1291529
1292063
1293484
1293508
1294500
1294981
1296219
1297195
1297557
1298783
1299151
1300323
1301379
1303662
1303798
1304242
1306212
1306744
1307936
1309340
1310251
1311755
1313856
1314068
1314658
1314788
1315602
1316304
1316405
1316500
1316836
1318264
1318339
1319200
1321141
1321494
1322142
1323296
1323444
1324342
1324424
1326914
1327281
1327712
1328612
1328756
1329609
1329832
1330372
1331736
1331927
1332853
1332912
1335696
1336491
1336863
1336995
1337398
1337412
1338226
1339403
1340142
1340823
1341187
1341554
1342154
1342320
1343227
1344073
1345062
1345187
1345910
1347607
1350455
1350815
1351312
1352688
1353010
1353967
1355374
1356049
1356679
1357192
1357953
1359459
1362634
1363366
1363446
1365709
1365712
1366442
1366994
1368103
1369341
1370456
1373110
1373304
1374493
1374831
1375143
1375541
1376943
1377643
1378934
1379075
1379691
1379914
1382080
1382189
1383592
1383671
1383887
1385061
1385252
1387680
1390046
1390536
1390692
1390738
1391486
1392551
1392578
1393671
1393743
1394535
1394552
1394595
1395861
1397604
1401936
1402306
1402956
1403200
1403216
1403405
1403642
1404870
1405627
1406173
1407757
1408276
1408518
1409031
1409871
1410055
1410160
1410934
1412854
1414508
1414548
1414924
1415114
1415231
1416593
1417793
1418771
1418895
1419468
1419564
1420534
1420951
1422576
1423312
1423731
1425766
1426360
1426371
1427856
1429657
1429741
1429821
1430018
1430989
1432927
1434485
1435082
1435672
1437575
1437923
1437960
1438033
1440032
1440343
1442741
1442964
1444014
1444217
1444256
1445781
1445998
1447175
1448276
1449148
1449329
1452021
1455112
1455889
1456171
1458502
1461134
1462224
1462244
1462706
1464530
1465474
1466633
1466738
1468162
1468167
1468537
1470290
1470886
1471059
1471578
1472460
1472598
1474388
1475195
1476427
1476582
1476956
1477224
1479733
1480594
1482336
1482354
1483334
1484064
1486715
1486960
1487775
1488063
1488533
1490471
1493223
1493514
1493808
1493996
1494452
1494585
1494884
1495577
1496494
1496671
1497781
1497791
1499017
1499778
1500380
1500468
1500838
1501398
1502679
1503411
1503725
1504858
1507468
1507517
1507705
1507727
1507959
1510367
1510639
1511226
1512285
1513425
1514623
1514632
1516237
1516265
1517402
1518208
1519572
1520506
1520858
1521164
1521230
1522936
1524512
1525156
1525989
1526136
1526587
1527284
1527677
1527817
1530258
1530344
1530639
1531205
1531395
1532588
1533016
1534237
1535054
1535302
1535747
1536024
1538316
1538892
1539507
1540003
1541001
1541428
1542136
1543833
1544159
1544415
1545913
1548725
1551120
1551719
1552750
1553308
1554243
1554338
1554456
1554459
1555348
1555406
1556414
1556650
1557179
1558506
1561425
1561579
1562003
1562485
1562568
1565151
1565857
1566339
1566442
1566567
1566670
1568421
1569596
1569666
1570187
1570770
1570916
1571460
1572853
1573048
1573926
1574300
1575575
1576409
1576541
1576909
1579156
1579296
1579628
1580505
1580922
1583647
1585097
1585627
1586785
1586827
1587334
1588111
1589745
1590232
1594743
1594854
1594867
1596776
1598820
1599238
1600415
1600849
1601723
1602383
1603505
1604449
1604948
1606340
1607806
1609109
1609520
1610328
1610497
1610707
1611224
1612268
1613648
1615070
1616711
1616798
1617096
1617531
1618319
1619261
1619529
1620062
1620066
1621962
1622788
1623081
1624728
1625399
1625412
1625512
1625613
1625687
1628642
1629321
1629679
1630720
1631551
1634487
1635664
1636835
1637150
1637233
1637525
1637943
1639022
1639769
1641359
1641743
1643532
1644159
1644395
1645065
1647124
1648309
1649485
1651713
1654727
1655571
1656451
1656555
1657758
1658091
1659159
1659467
1659981
1661015
1662031
1662380
1663464
1663764
1664423
1664665
1664697
1665599
1666784
1667918
1667974
1669035
1669038
1669617
1670484
1671073
1671433
1672451
1672517
1672532
1673150
1673183
1673333
1673820
1673866
1673985
1674898
1675598
1675758
1676271
1676951
1677475
1677995
1678300
1678560
1678569
1680177
1683222
1685049
1687491
1688347
1688866
1689903
1690449
1690850
1691189
1691589
1692912
1693472
1694226
1694539
1695626
1698349
1703435
1704545
1704607
1704821
1705224
1705534
1705592
1706381
1706809
1708842
1709736
1711669
1711730
1711846
1714780
1714872
1716166
1716196
1717387
1718316
1718317
1718907
1719030
1719621
1720660
1721586
1721589
1721777
1722110
1723086
1724084
1724530
1725321
1725481
1725576
1725830
1727844
1728470
1728498
1728682
1730253
1730383
1733398
1733409
1735589
1736494
1736671
1737374
1738441
1738515
1739245
1739679
1740689
1743146
1744442
1744667
1745275
1745312
1747007
1747567
1748832
1749791
1749853
1751267
1753204
1753843
1755384
1758210
1759541
1760350
1761356
1761602
1761671
1762897
1768093
1769319
1769945
1769963
1770013
1772891
1773291
1775346
1776510
1777209
1779202
1779889
1780048
1780868
1781332
1784943
1785729
1786342
1787765
1791746
1791872
1792134
1793639
1793983
1795185
1795584
1795882
1796896
1797400
1797760
1798173
1798726
1800759
1801043
1802422
1802640
1803091
1803756
1805797
1805810
1805850
1807332
1808907
1809419
1809869
1810127
1810488
1810506
1812063
1812219
1812703
1812806
1814115
1814209
1815005
1815109
1815569
1816792
1817539
1818052
1818164
1818276
1819933
1819962
1820026
1822550
1825281
1825532
1825915
1827963
1828434
1829665
1829984
1831388
1832243
1834415
1835618
1835762
1836648
1837256
1838137
1839907
1840222
1840883
1844754
1845467
1847689
1847745
1850536
1850557
1850568
1850842
1852040
1854435
1855819
1856583
1856830
1856988
1858169
1859365
1860075
1863067
1863873
1864337
1864794
1864799
1866199
1867425
1867440
1867522
1868097
1868576
1870718
1871656
1872477
1872521
1873111
1873139
1874006
1875728
1876270
1876617
1877452
1878686
1879371
1879829
1880017
1880609
1881195
1881207
1881505
1881625
1883563
1885198
1886603
1888832
1890039
1892237
1893131
1893873
1897195
1897538
1901184
1901498
1901690
1901802
1903271
1903340
1904390
1905859
1906839
1907258
1907262
1907571
1907850
1908961
1909240
1909670
1909770
1910828
1911615
1912239
1913003
1914022
1914161
1914268
1914990
1915952
1918139
1918608
1919335
1920228
1920998
1921833
1922826
1923790
1924029
1924129
1925028
1926770
1926860
1927218
1927656
1927795
1928284
1930866
1931040
1931811
1932255
1932902
1932965
1933042
1933274
1934765
1935381
1935540
1937830
1939558
1939605
1940032
1940689
1941025
1941032
1941627
1942220
1942736
1943411
1944052
1944428
1945383
1947436
1947814
1948861
1949621
1950375
1951438
1951725
1952540
1953413
1953518
1956112
1957456
1959016
1959028
1960297
1961482
1962736
1962907
1963213
1964446
1965789
1967677
1969329
1970864
1971430
1971868
1972169
1973638
1974253
1975396
1978765
1978843
1979705
1979722
1980334
1984891
1986022
1987074
1987531
1987848
1989695
1991112
1992370
1993467
1993605
1993646
1993725
1994644
1995387
1995426
1995701
1997013
1997076
1997666
1999986
2002060
2003211
2004665
2004833
2005313
2006006
2009296
2010410
2010989
2012036
2014020
2015938
2016970
2017211
2018820
2021208
2021474
2024204
2024535
2026479
2026503
2026616
2027232
2028277
2028289
2029697
2030324
2030402
2030599
2030965
2032002
2032648
2034689
2037041
2037397
2040064
2040122
2040713
2042767
2044383
2044972
2045547
2045560
2045812
2046225
2046578
2047575
2048538
2048974
2050643
2050977
2054530
2055016
2055281
2058632
2059016
2059856
2060919
2062548
2064811
2066399
2067465
2067760
2068361
2068666
2068763
2069807
2069995
2069996
2074226
2074657
2075282
2075633
2076846
2077375
2077377
2078548
2079486
2079700
2079866
2079942
2079944
2080954
2081908
2081927
2082670
2083433
2083519
2083922
2084712
2086398
2086656
2086744
2087549
2088070
2095420
2096457
2096820
2096907
2098240
2100446
2104489
2105370
2105716
2105891
2106860
2107062
2107798
2109570
2109743
2114479
2117750
2119129
2119765
2121870
2121955
2124261
2124408
2125689
2125870
2126424
2126471
2126790
2126801
2126956
2127934
2130360
2131143
2131447
2134101
2134559
2136165
2136364
2136802
2137222
2137371
2137964
2138034
2139250
2139524
2140598
2140633
2140896
2141431
2142136
2143205
2143513
2143545
2143871
2144829
2145281
2145713
2146067
2147364
2147925
2147965
2149257
2149334
2149466
2151384
2153716
2157848
2158434
2160288
2160641
2161318
2163614
2164546
2166213
2169721
2169798
2170479
2171569
2175734
2176066
2177362
2178818
2179333
2180008
2183916
2184459
2184854
2185926
2186912
2189122
2191350
2191477
2193104
2194264
2195977
2196912
2197393
2198328
2202310
2202685
2203527
2204894
2204991
2205861
2205978
2206222
2206298
2207174
2208733
2209470
2210963
2215218
2215278
2215745
2217213
2217635
2218472
2218974
2219647
2219750
2219948
2222397
2222926
2224243
2225136
2226537
2226557
2226947
2227589
2228170
2228460
2228985
2229235
2229331
2230231
2230347
2231030
2231156
2232489
2232776
2233742
2234631
2234859
2235488
2236082
2236704
2237236
2237318
2238772
2239493
2239751
2240766
2243161
2244164
2244486
2244610
2245512
2247715
2248177
2248751
2248770
2248980
2250324
2251335
2251749
2253733
2254670
2255729
2256299
2259205
2259685
2260108
2261071
2263027
2263385
2263464
2264574
2264753
2264790
2265352
2265475
2266080
2266940
2267259
2267991
2269165
2269489
2270462
2271111
2272062
2273200
2273234
2273319
2274069
2274234
2274368
2276964
2277696
2279551
2279705
2280390
2280395
2280847
2282258
2283527
2283668
2283750
2283842
2283881
2284223
2284515
2285821
2286063
2286622
2287476
2288997
2289340
2290144
2292321
2294062
2294433
2294940
2295402
2295897
2296393
2296540
2297188
2298421
2298547
2298670
2300396
2302221
2302565
2302695
2303187
2303538
2305491
2307397
2307962
2308819
2309659
2309861
2310906
2312291
2312959
2313461
2314749
2315447
2315693
2316052
2316765
2317644
2318645
2319870
2322206
2322560
2323155
2323752
2324967
2325718
2326812
2327943
2328269
2328600
2328739
2329336
2333217
2333374
2334181
2334571
2336108
2336878
2337036
2337572
2337699
2338581
2340878
2341850
2342152
2343910
2343942
2345513
2345728
2347577
2351693
2352686
2352986
2353430
2353596
2354161
2356726
2357036
2357103
2357485
2358123
2358329
2359204
2359837
2360102
2362451
2363791
2364370
2365305
2367435
2369147
2370295
2370966
2372867
2373686
2373918
2375219
2376811
2377032
2377311
2377476
2377745
2383083
2383446
2383756
2384089
2387112
2389130
2389380
2392604
2394400
2394746
2394977
2398105
2398232
2399151
2399174
2399252
2399687
2400602
2400970
2402136
2404441
2404592
2406391
2406421
2407212
2407984
2413325
2413559
2414334
2414785
2415003
2415189
2416560
2416768
2418622
2419408
2422549
2422593
2425254
2425529
2427798
2428700
2429079
2430799
2432216
2432261
2433411
2434381
2434760
2435813
2436098
2437777
2437954
2438326
2438457
2438791
2439416
2440074
2440488
2440590
2440599
2441385
2441844
2442621
2444561
2445126
2445661
2446198
2446458
2447315
2447323
2448936
2449284
2451168
2451227
2451298
2452198
2453302
2453947
2454025
2455770
2457861
2458165
2458276
2458809
2459541
2460153
2461628
2461894
2462231
2462956
2463020
2463475
2464028
2464284
2465013
2465871
2468038
2468279
2469282
2469528
2471172
2471403
2472413
2473445
2473792
2474168
2474841
2476493
2476523
2477521
2478103
2479043
2480891
2481053
2482763
2482830
2485803
2486036
2486261
2486772
2487091
2487699
2489476
2489909
2492739
2492945
2493392
2494782
2496235
2496432
2496999
2498253
2499145
2499929
2500545
2500741
2507456
2507801
2509843
2510198
2510625
2512993
2513173
2513467
2513638
2515507
2517053
2517172
2517343
2519642
2520333
2520743
2520933
2522130
2522595
2523458
2523963
2524255
2525064
2526240
2526283
2527195
2527943
2528902
2530666
2531041
2532469
2533715
2534341
2534674
2535253
2536000
2537997
2539270
2539722
2540347
2542909
2543858
2547286
2550912
2551746
2552051
2552792
2553047
2553863
2554107
2554323
2555167
2555610
2556794
2558147
2558181
2559052
2559082
2559498
2560023
2560087
2560479
2561822
2562211
2562638
2564907
2565466
2566179
2566622
2566724
2567130
2568325
2569910
2570577
2571879
2573442
2574528
2576099
2576402
2577678
2577914
2577930
2578393
2578873
2579109
2579604
2580069
2581960
2582164
2582193
2587033
2588381
2588825
2589072
2589279
2589660
2591331
2591349
2594530
2600729
2601376
2601676
2602497
2602726
2602930
2602993
2603415
2603717
2604666
2605135
2605398
2605938
2606753
2606927
2607146
2607601
2607609
2608031
2608098
2608349
2608499
2608626
2608759
2609180
2609309
2611052
2611968
2612216
2613087
2614636
2615094
2616039
2620894
2621012
2621136
2621676
2622578
2624345
2625365
2625731
2626355
2627139
2627751
2628069
2629228
2629334
2631481
2632306
2632448
2632660
2634957
2640891
2641350
2641961
2643802
2644778
2644964
2645192
2645353
2646590
2646674
2647407
2647834
2648069
2648518
2649682
2650128
2650210
2653285
2653873
2654043
2654841
2656302
2659750
2660992
2661016
2666392
2666394
2666591
2666929
2667190
2668384
2669132
2669410
2670177
2670397
2670766
2670873
2672476
2673590
2674083
2674608
2674854
2675028
2676898
2680717
2681311
2681523
2683618
2684342
2685094
2685466
2687256
2687815
2691741
2692490
2692515
2694826
2703246
2703473
2703669
2704565
2705082
2705705
2706175
2706485
2706675
2706849
2710815
2711964
2712812
2715577
2715827
2715988
2717424
2717690
2717757
2719260
2720302
2721592
2721827
2722351
2723032
2723133
2723686
2724087
2725018
2725629
2727616
2728961
2731802
2731892
2733182
2733281
2734526
2735088
2737361
2737444
2737823
2737984
2738473
2738474
2738621
2738649
2740283
2740900
2741074
2741736
2742880
2743474
2743946
2744466
2746266
2748543
2748594
2748862
2749263
2750903
2751338
2751391
2751717
2751862
2752274
2753071
2754359
2754578
2755111
2755472
2755685
2756225
2756551
2757535
2758345
2759266
2759384
2760717
2760968
2761052
2762824
2763064
2763511
2763640
2764538
2766934
2767496
2769031
2769839
2769972
2770028
2770481
2771468
2772381
2774474
2775152
2777225
2777409
2777926
2781424
2782030
2782148
2782460
2782830
2784484
2786583
2786908
2788203
2790988
2791766
2792357
2792626
2793150
2794395
2794558
2794985
2795180
2796250
2797016
2797666
2799804
2802535
2803603
2803733
2803929
2804757
2804964
2805226
2805771
2808876
2811756
2812370
2813225
2813765
2814758
2814821
2815678
2817639
2819179
2819945
2820190
2820247
2820892
2821194
2824992
2825217
2825510
2826531
2828638
2828652
2830042
2831161
2831362
2831389
2831611
2833083
2838414
2838540
2840979
2843451
2843704
2844559
2844850
2845796
2845978
2846095
2846137
2847342
2847867
2848105
2848111
2848658
2850418
2852227
2854611
2854902
2855234
2856267
2857324
2857771
2858095
2858200
2859722
2860383
2861965
2864724
2865697
2866953
2870460
2872420
2872950
2873425
2874461
2874545
2874736
2874823
2874921
2874988
2875064
2875939
2877387
2878248
2879549
2879727
2880517
2884855
2886060
2886118
2886250
2886495
2886771
2886789
2888664
2889386
2889457
2889583
2889853
2890576
2891847
2893155
2893164
2893443
2893806
2896054
2896506
2896657
2896835
2897123
2897373
2898023
2898061
2898727
2902759
2903219
2904219
2904327
2905024
2905500
2906461
2906502
2906783
2906933
2908374
2909464
2910599
2913050
2913779
2916571
2916735
2920825
2921134
2921853
2922398
2925812
2929038
2929365
2930838
2932811
2934997
2935522
2937674
2939014
2940192
2940299
2943406
2943593
2944528
2945009
2945136
2945719
2946875
2948380
2949380
2950715
2950751
2950838
2951836
2951917
2954110
2954878
2955391
2961725
2961836
2962026
2962165
2962911
2963552
2964463
2964588
2965584
2966067
2966556
2966594
2966796
2968976
2969398
2970175
2970512
2971836
2971884
2971998
2972561
2973473
2973785
2974474
2975204
2975669
2975785
2976867
2977446
2978786
2979596
2981499
2982305
2982329
2982786
2983439
2983737
2983820
2986595
2988974
2988986
2989291
2990122
2993189
2993783
2994469
2995119
2996975
2996998
2997144
2997353
2998392
2998644
2998678
3000223
3000844
3002056
3002057
3002419
3003059
3005278
3006635
3007058
3007274
3007606
3007700
3008121
3008903
3010263
3010826
3011099
3011100
3011839
3012224
3012255
3012517
3014286
3016265
3016893
3018034
3018606
3019323
3020256
3024109
3024832
3024956
3027846
3028370
3029584
3029601
3029679
3030906
3031586
3035747
3038681
3038726
3039207
3039332
3039640
3040412
3040427
3040823
3041534
3041988
3044127
3044317
3047219
3047975
3048461
3051153
3051283
3052817
3053842
3054174
3054561
3057397
3057559
3057737
3059015
3060277
3060416
3060484
3061148
3061776
3061876
3062084
3063938
3064866
3066356
3067500
3067906
3068160
3070542
3071758
3072269
3074338
3075078
3075618
3075744
3076371
3077523
3079072
3079289
3079602
3080507
3080837
3080979
3081838
3082161
3084220
3085517
3085608
3085645
3085826
3086224
3086530
3087307
3089351
3089623
3093344
3095000
3095819
3097583
3098218
3098717
3098860
3099842
3099883
3100241
3100585
3100637
3101116
3103843
3106766
3107326
3108560
3108694
3110631
3111185
3111721
3112914
3113990
3114838
3115574
3116804
3120220
3121736
3121851
3121898
3122225
3123369
3123828
3123888
3124249
3125968
3127519
3128276
3128582
3128918
3129170
3129448
3129528
3130988
3131174
3131916
3133577
3136040
3137190
3137433
3137868
3139118
3140059
3142547
3142915
3142993
3143624
3143776
3144201
3144276
3145286
3146845
3147005
3148335
3148800
3149524
3151508
3151683
3152403
3152666
3154338
3154481
3154811
3154855
3156233
3156873
3160175
3161826
3162061
3162628
3162880
3163482
3163586
3166127
3166844
3166863
3168080
3168274
3168918
3169998
3170189
3171663
3172857
3172890
3173002
3173017
3173320
3173954
3174087
3174487
3175688
3176135
3176944
3177116
3177660
3177859
3178400
3178937
3179287
3179797
3180069
3180356
3180520
3183253
3184138
3185544
3186076
3188168
3188844
3189284
3189935
3195743
3199284
3201211
3201429
3201700
3201987
3202735
3203564
3203703
3204349
3204885
3204919
3206345
3206354
3206699
3207750
3208543
3209108
3210170
3213155
3216947
3217394
3217696
3217964
3218447
3219665
3220824
3220829
3222480
3224783
3225384
3225574
3227285
3227297
3230588
3230777
3231080
3231388
3232214
3232347
3232521
3233386
3233630
3233975
3234447
3235246
3235341
3237609
3239302
3240040
3240229
3243382
3243898
3245070
3245981
3246351
3246500
3248793
3249509
3249911
3250259
3250327
3250336
3251152
3252419
3252930
3255484
3256485
3256742
3256973
3258631
3258929
3259115
3259650
3260794
3261284
3261432
3261822
3262703
3263946
3264578
3265576
3267099
3267184
3267530
3268475
3268543
3269141
3269161
3269496
3269659
3269737
3271549
3273036
3273492
3273999
3275082
3275498
3276614
3276829
3277950
3278649
3278667
3279703
3280151
3280267
3282895
3283068
3283147
3283592
3283794
3284824
3285556
3286137
3288611
3290810
3291387
3291661
3291959
3292977
3293150
3294256
3294266
3295430
3296122
3298609
3298930
3298967
3302307
3302392
3303536
3303968
3307032
3307435
3307552
3307591
3308497
3308569
3309511
3309712
3310111
3310497
3311799
3311891
3312480
3312714
3312865
3313002
3313688
3314248
3314871
3315598
3315778
3315898
3318648
3319156
3319704
3320746
3321150
3321499
3322384
3322845
3324169
3329518
3330852
3331690
3331762
3333121
3333644
3334488
3334919
3335480
3335578
3336689
3337523
3337628
3337680
3339486
3342783
3343000
3348584
3349044
3349066
3349527
3350838
3352011
3353474
3353704
3353980
3357277
3359175
3360707
3360814
3360971
3361142
3363411
3363864
3364648
3365210
3366228
3366280
3367203
3369077
3369148
3372417
3372947
3373681
3375168
3375321
3375678
3375870
3375912
3377269
3378494
3379649
3379686
3384209
3384625
3384682
3385569
3387080
3387962
3389645
3390540
3391176
3391963
3391974
3392582
3392745
3393412
3393745
3394290
3395484
3396475
3396858
3399973
3400680
3400803
3403740
3403749
3403943
3408025
3408999
3409450
3411240
3412290
3412553
3414672
3414914
3416891
3417219
3418085
3419584
3420015
3420953
3421794
3423079
3423187
3423961
3425988
3427269
3427518
3429986
3430935
3431618
3435672
3436714
3436891
3437722
3438540
3439028
3439443
3439496
3440784
3442500
3443598
3443621
3443702
3443965
3445741
3445973
3446067
3449363
3449391
3449482
3450259
3450426
3450898
3451155
3451275
3451915
3453668
3454120
3455048
3455232
3457380
3458832
3459480
3459601
3460131
3461714
3462286
3463056
3463265
3463923
3465019
3465442
3465535
3468365
3468737
3468992
3469452
3471215
3472211
3472361
3472535
3473612
3473620
3473818
3474703
3475838
3478700
3479345
3479662
3479895
3480612
3481079
3481421
3482824
3483395
3483721
3484224
3485060
3485267
3485316
3485750
3485961
3489577
3489619
3490163
3490266
3492109
3492741
3493115
3497199
3497375
3498749
3500031
3500173
3501161
3502298
3502944
3503778
3504994
3505777
3507655
3507716
3508487
3511354
3511596
3512832
3512890
3513180
3513657
3514455
3515031
3515785
3515805
3516356
3516822
3517568
3517716
3519135
3519329
3520311
3520468
3520919
3521182
3521233
3522634
3525615
3525733
3526090
3526163
3526580
3527290
3528499
3528514
3529758
3530084
3530096
3530485
3530939
3532487
3532653
3532700
3533255
3533788
3534199
3534909
3535401
3538518
3540205
3541108
3541294
3541607
3541629
3543004
3544590
3545147
3545781
3546687
3548471
3550244
3550636
3550928
3550993
3551090
3552357
3553070
3554139
3555736
3557772
3557848
3557999
3558472
3558543
3558708
3558722
3560191
3560443
3561006
3561274
3562061
3563471
3563613
3564067
3564452
3564687
3564852
3565005
3566429
3566650
3566744
3568951
3570249
3570577
3572124
3573221
3574519
3576498
3576750
3576886
3578896
3580133
3580313
3581146
3581749
3583223
3583262
3584089
3585160
3585299
3585383
3585649
3586163
3588528
3588925
3589446
3589601
3591982
3593110
3594588
3595220
3595357
3596200
3596215
3596238
3596270
3596533
3599184
3599357
3600061
3600683
3602335
3602930
3603205
3603968
3604159
3604393
3604960
3607788
3608053
3608205
3608310
3609373
3610293
3610470
3610605
3611003
3613830
3614169
3614264
3614893
3615256
3615273
3616359
3617609
3617763
3618510
3618795
3619194
3621112
3623497
3623671
3623816
3624050
3625351
3625379
3626289
3626291
3626744
3627257
3627852
3628162
3629005
3629121
3629254
3629845
3630435
3630819
3631347
3631518
3632268
3634557
3634811
3636108
3636898
3640812
3641940
3642906
3643302
3646419
3646516
3646610
3647413
3649163
3650060
3651500
3651949
3653050
3653936
3656527
3658099
3659976
3660457
3662033
3664560
3665561
3666481
3666494
3667102
3667247
3667284
3667380
3668348
3668380
3668514
3671594
3671873
3672207
3672276
3673021
3674220
3675455
3676552
3676577
3676865
3678049
3678600
3679548
3679637
3679784
3681759
3683372
3683878
3684202
3684476
3684658
3687427
3688959
3689254
3690426
3690553
3691188
3693455
3694662
3694677
3696566
3697610
3698567
3699908
3705563
3706564
3708982
3711717
3711843
3712763
3712815
3713360
3713409
3715909
3716021
3716916
3717643
3718459
3718717
3718722
3719221
3721252
3722048
3722365
3723039
3723784
3726041
3726676
3727364
3727440
3728204
3728609
3728839
3728914
3730460
3730680
3731024
3732866
3733134
3733317
3734607
3735004
3735106
3736279
3739666
3739734
3740493
3741139
3741617
3742026
3743341
3744463
3744631
3745013
3748945
3749102
3749388
3750052
3750896
3751122
3752357
3752806
3752955
3756941
3757794
3758038
3758917
3758998
3759949
3762793
3762803
3763873
3764891
3765147
3768243
3768892
3768944
3768974
3769026
3771048
3772535
3774132
3774187
3776914
3777166
3777883
3778466
3778766
3778995
3780380
3781053
3781102
3781103
3781120
3782568
3783608
3784646
3785617
3785643
3785807
3786186
3787219
3792820
3793804
3794199
3795205
3796283
3797822
3798681
3799888
3800127
3800268
3800435
3800897
3802852
3802909
3804078
3804686
3805329
3805897
3805915
3806602
3806617
3806969
3807226
3807685
3808441
3808593
3808621
3810305
3810815
3811964
3812930
3813365
3814524
3814538
3815625
3815797
3816036
3816129
3816203
3817565
3817622
3825225
3826096
3827110
3830343
3831145
3832502
3832769
3834948
3837343
3838796
3840272
3841823
3842498
3842952
3843039
3843761
3844528
3844579
3845335
3846532
3847533
3848419
3849506
3852039
3852091
3852666
3852879
3853279
3853678
3854274
3856410
3856966
3857721
3858604
3858916
3858995
3859238
3859865
3862075
3862527
3863123
3863871
3864120
3864129
3865322
3865859
3866049
3867178
3868372
3871171
3871329
3873936
3874879
3875165
3875498
3876832
3877085
3877250
3878626
3880622
3880656
3880818
3881116
3881265
3882342
3882859
3883319
3885063
3886199
3886981
3887537
3888907
3889769
3890649
3890718
3893670
3893711
3894040
3894654
3895172
3895903
3896037
3896083
3898682
3899495
3899715
3900399
3900589
3900795
3900841
3901201
3901804
3903251
3904060
3905459
3906079
3906200
3908181
3908286
3908584
3908772
3909081
3909697
3910730
3911238
3911351
3911369
3911470
3911929
3912160
3912479
3913485
3915090
3915327
3917418
3918179
3919066
3919103
3920322
3923013
3923760
3923773
3925512
3927664
3928002
3928131
3929146
3930509
3931055
3931807
3932005
3933226
3933814
3933899
3935064
3935871
3936427
3936451
3937532
3938117
3938329
3940536
3940885
3942218
3942969
3948133
3948286
3949310
3949630
3950335
3950366
3950769
3952751
3955043
3955179
3956904
3956906
3960737
3961515
3964500
3964691
3965083
3966470
3966631
3967339
3970862
3971823
3973307
3973378
3973672
3974044
3974713
3976702
3976704
3976965
3977876
3979221
3979530
3980192
3980279
3980915
3982251
3982510
3984477
3985069
3985073
3986090
3988043
3988208
3989055
3989533
3990346
3992201
3994192
3997143
3997187
3997545
3998039
3998267
3999200
3999665
4000147
4000837
4000960
4001102
4003059
4003567
4004334
4005589
4006322
4008174
4012042
4012822
4013801
4013927
4015347
4016268
4016383
4019315
4019589
4019735
4020043
4020822
4022130
4023229
4025427
4027616
4027641
4028182
4028315
4031494
4031678
4032387
4033331
4033718
4033983
4035229
4035324
4037231
4037881
4039895
4040195
4040604
4041394
4042201
4042757
4043755
4044070
4044278
4044623
4044953
4045466
4048915
4048982
4051879
4052173
4054530
4058206
4059288
4059522
4059675
4060894
4060930
4061004
4061242
4063150
4064182
4064635
4064651
4064971
4065789
4065849
4066927
4069362
4069605
4069665
4071122
4071929
4073661
4074812
4076141
4079230
4079381
4082627
4082874
4084445
4085869
4086233
4086270
4086713
4087399
4087524
4087962
4089717
4091995
4094143
4095380
4095895
4096460
4098660
4099506
4100257
4102360
4103142
4103721
4104226
4104640
4105692
4105932
4106525
4107490
4108010
4109009
4109925
4114567
4114573
4115000
4115673
4116426
4118162
4118183
4119211
4120713
4120753
4123567
4124087
4124411
4124516
4125014
4125257
4125709
4126307
4128756
4129184
4129452
4132277
4133788
4136106
4139484
4140220
4141329
4142200
4142772
4144229
4146525
4147992
4151189
4151239
4151248
4151327
4152520
4153036
4153207
4153880
4154379
4155383
4156957
4158444
4158593
4159061
4159392
4159439
4161108
4161775
4162465
4167387
4168205
4168779
4168890
4172541
4174266
4175840
4176367
4176737
4178869
4179684
4179868
4180652
4180927
4186070
4188086
4188916
4189686
4189956
4189975
4192565
4193058
4193681
4194595
4195110
4195736
4197496
4197873
4198419
4200545
4203367
4203875
4203959
4204307
4206656
4207531
4208120
4209405
4210179
4210217
4211090
4212064
4212317
4214759
4215301
4215483
4216193
4217885
4218547
4219227
4220027
4220742
4222565
4222830
4224660
4225911
4226139
4226856
4227256
4229416
4230455
4232924
4233143
4233355
4234294
4235587
4235642
4235714
4236634
4237055
4237147
4237868
4237940
4238795
4240396
4240999
4242744
4242891
4243472
4248016
4248376
4248735
4251950
4252833
4253093
4253110
4253625
4253710
4255870
4256360
4256373
4259392
4261793
4262709
4263170
4263326
4264220
4266484
4266699
4267216
4268018
4270279
4270407
4270882
4271262
4271692
4272889
4274123
4275214
4275307
4275836
4279223
4280086
4280359
4280895
4280907
4281234
4281371
4284036
4284123
4285814
4285935
4288700
4289704
4290494
4290863
4291309
4291872
4292098
4293422
4293501
4293810
4293841
4294032
4294644
4296083
4296137
4297464
4297666
4298379
4298868
4300463
4300824
4300983
4301103
4301419
4304155
4304461
4305262
4307914
4309184
4310659
4311832
4312883
4313573
4313759
4313862
4314841
4315471
4316929
4317267
4317587
4318331
4318360
4318727
4318762
4318976
4319143
4320453
4320582
4321466
4321525
4321878
4323172
4323283
4326129
4326509
4328152
4328890
4330641
4331070
4331423
4331536
4332033
4334157
4334234
4337899
4338833
4341986
4343465
4343609
4343644
4344562
4346151
4348327
4350977
4352543
4354448
4354589
4355190
4357585
4358065
4359026
4361443
4362208
4363163
4364437
4364632
4364835
4367019
4367217
4367780
4367830
4367868
4368215
4368326
4368578
4369041
4369577
4369979
4371325
4372567
4373970
4374374
4379101
4380832
4383224
4383374
4384062
4384750
4385472
4386054
4389221
4390333
4390548
4392427
4392473
4393031
4395020
4395161
4395645
4396614
4396734
4396980
4397130
4397141
4397250
4397564
4401752
4401836
4402367
4403696
4405813
4406039
4406273
4406305
4408128
4408919
4409009
4409134
4410244
4411758
4415095
4415286
4415460
4415995
4416131
4416773
4416879
4418301
4419773
4420816
4420951
4422016
4422828
4423125
4423828
4424548
4425863
4427392
4428568
4428817
4429232
4429644
4430074
4430905
4431470
4431776
4431787
4431942
4433824
4434915
4434970
4435869
4437450
4438111
4440006
4441896
4443458
4444436
4445367
4446377
4447972
4448151
4448237
4450745
4451513
4452492
4454482
4454554
4455158
4455227
4455408
4457491
4458275
4458829
4460727
4461560
4461606
4462338
4463247
4463501
4463518
4463554
4463814
4464362
4464751
4465638
4466489
4470034
4470466
4472478
4473218
4473847
4475937
4477554
4480469
4481947
4484309
4484973
4485469
4486745
4487146
4487239
4487300
4489558
4490364
4490382
4491546
4491800
4492329
4494599
4494680
4495368
4495542
4495767
4496256
4496371
4498000
4498704
4499645
4500220
4500358
4500400
4501009
4501013
4501096
4501989
4502646
4504020
4504633
4504953
4505644
4506157
4506739
4507294
4508095
4508553
4510346
4511942
4512516
4515778
4516056
4516212
4518154
4519498
4520594
4523081
4523458
4524036
4524763
4526300
4526709
4526729
4529695
4530264
4532471
4532584
4532771
4532985
4533075
4533487
4533854
4537858
4538641
4538787
4540439
4540945
4542408
4543330
4543805
4543826
4543846
4544004
4545513
4545569
4547585
4549651
4550231
4551036
4552205
4552212
4553183
4553929
4560255
4561649
4562156
4562286
4565664
4566416
4567355
4569245
4571214
4571930
4572194
4574249
4574762
4575869
4577091
4578443
4578891
4579674
4580281
4580373
4580995
4581151
4581935
4582957
4583840
4583847
4583900
4585090
4585891
4586471
4588369
4588452
4589150
4590062
4592160
4592579
4593720
4594380
4596038
4597010
4597199
4598350
4601334
4601417
4604612
4605811
4607008
4607859
4609875
4611343
4611374
4611478
4611984
4614116
4614835
4616332
4616456
4619181
4620155
4620267
4623482
4625037
4625843
4625898
4626377
4626926
4626953
4627035
4627047
4627732
4632981
4634206
4634404
4634568
4635122
4637594
4640237
4641261
4641843
4643802
4644668
4645535
4646614
4646998
4647994
4648391
4648574
4649430
4649940
4650148
4651847
4654104
4655607
4656912
4662626
4664138
4666283
4666515
4668296
4668864
4670581
4671249
4671687
4671793
4672334
4672646
4673133
4673220
4673633
4674292
4674530
4677903
4678101
4679202
4679328
4680672
4682698
4684670
4685190
4685496
4687574
4690821
4690992
4691105
4692515
4694236
4694766
4696204
4696913
4698613
4699093
4699306
4699504
4699882
4700791
4703652
4704827
4706197
4707622
4708632
4709541
4710652
4711121
4711816
4712010
4712657
4712948
4713968
4714556
4714712
4715047
4715252
4716519
4717161
4718433
4719353
4719385
4719701
4720799
4720860
4722337
4725595
4725899
4728459
4729672
4731429
4731715
4732811
4732997
4733095
4733114
4734391
4734690
4735915
4735929
4736315
4739252
4740137
4740308
4740427
4744087
4744242
4744855
4747236
4750098
4752774
4752942
4754505
4754943
4755310
4757001
4757151
4757635
4757715
4759822
4760380
4760992
4761169
4761438
4762311
4762391
4764436
4766420
4767814
4768963
4769138
4769441
4769706
4770319
4771195
4772746
4775121
4776211
4778888
4779134
4779137
4780800
4780839
4781573
4782730
4786082
4788148
4788499
4788613
4789195
4791378
4791871
4792090
4794879
4796145
4796198
4796828
4797031
4799502
4799513
4799515
4799798
4800561
4800634
4802926
4803038
4803484
4804563
4809001
4809329
4809688
4810766
4811276
4811375
4812482
4815161
4815390
4815451
4815984
4816068
4819988
4820341
4824151
4824289
4824318
4824374
4824770
4824838
4824863
4825280
4825928
4827370
4827848
4828702
4830576
4831313
4831710
4832719
4834244
4834997
4835612
4837893
4840957
4841391
4843019
4844632
4844899
4845789
4846938
4847305
4847583
4848898
4848923
4849378
4851164
4852492
4852789
4853991
4854252
4854263
4855910
4856219
4859201
4860495
4861030
4861033
4862871
4863174
4865705
4867274
4869898
4874237
4875585
4875931
4877642
4879165
4880147
4880615
4882527
4884527
4885533
4885678
4887176
4887624
4889323
4889894
4889900
4893624
4895962
4896978
4898211
4898630
4902360
4903017
4903247
4903689
4903819
4904334
4904589
4905948
4908062
4909161
4909264
4909950
4912230
4912559
4912785
4914054
4914745
4914958
4915043
4916769
4917917
4918122
4921514
4922236
4922422
4923011
4923227
4924206
4925507
4925534
4926568
4926639
4927109
4929669
4930772
4931523
4931867
4932636
4933300
4934009
4934802
4935709
4936829
4939243
4940942
4941775
4942000
4942062
4942233
4943780
4943941
4944341
4944556
4945369
4946793
4948228
4948473
4950131
4950402
4957574
4958538
4958977
4959501
4959932
4960038
4960230
4960627
4962467
4964311
4965282
4965520
4966737
4967227
4969498
4969987
4970304
4971299
4971389
4971569
4972714
4975209
4976421
4977159
4979208
4979633
4980956
4981974
4982012
4982448
4984377
4985711
4985760
4986137
4986194
4987761
4989274
4990132
4990203
4990412
4990833
4993205
4993466
4995404
4997407
4998942
4999543
5000300
5000741
5002163
5002190
5002320
5004467
5005565
5006668
5007328
5007683
5008246
5008368
5008635
5010543
5010563
5011629
5012765
5016319
5016890
5016952
5018524
5018649
5018887
5019968
5020479
5020938
5021807
5023349
5024038
5025469
5025719
5029234
5030067
5030198
5030789
5032352
5032594
5033984
5035003
5036568
5037787
5038578
5039401
5039982
5040060
5041292
5041805
5043009
5046015
5046189
5046421
5046893
5047094
5047391
5047700
5050169
5050895
5051152
5051368
5051773
5052377
5052616
5053112
5053415
5055225
5057614
5059239
5060267
5061535
5063188
5063385
5065283
5065467
5066022
5066962
5067171
5067429
5067919
5068455
5070206
5071050
5073774
5074820
5074911
5076966
5077441
5078216
5078400
5078904
5080223
5081162
5081670
5082517
5082981
5083070
5083622
5083716
5083872
5086683
5087276
5087904
5088030
5089648
5091090
5091140
5092355
5092852
5094778
5095386
5096155
5096313
5097242
5098231
5100753
5101133
5103559
5104271
5104326
5106120
5107249
5107816
5107818
5108317
5110224
5110267
5110706
5111418
5115142
5115870
5117997
5118801
5119013
5119586
5121264
5123727
5124185
5124619
5125152
5126249
5126567
5127493
5128442
5128532
5129233
5132511
5132543
5133008
5133143
5134369
5134476
5134504
5137306
5138464
5139203
5141774
5141840
5142082
5142121
5143461
5145496
5147131
5148506
5149182
5149873
5150072
5151292
5151340
5152285
5154197
5154415
5155491
5155615
5156737
5158424
5159408
5161643
5162313
5162465
5165595
5165922
5167470
5168927
5169338
5170138
5170713
5172564
5172891
5172921
5173408
5178945
5179002
5180615
5181730
5181850
5182797
5183105
5185263
5186298
5187533
5189371
5192582
5193841
5194001
5194386
5195623
5196606
5197199
5197433
5200748
5203135
5204210
5204882
5205014
5205721
5206241
5206456
5207505
5208622
5208830
5208967
5210538
5212181
5212250
5213484
5214661
5215219
5215292
5215390
5215871
5217645
5218429
5219112
5219756
5220217
5220884
5221028
5221048
5221778
5222185
5222660
5223058
5223143
5224234
5224825
5225206
5225648
5227410
5227993
5229656
5230122
5231047
5231527
5232665
5234244
5234495
5235851
5236336
5236486
5236807
5236856
5236935
5237506
5239794
5240617
5240684
5241107
5241461
5243646
5243911
5246864
5247405
5249257
5250342
5251165
5251774
5253166
5253718
5253725
5253767
5254404
5254473
5255183
5258184
5259283
5259381
5259725
5261042
5262237
5263063
5264099
5265385
5265654
5266512
5266813
5267283
5267641
5268342
5269721
5270410
5271342
5272159
5275776
5277666
5278021
5278614
5279488
5280400
5281794
5282479
5283618
5284485
5285332
5285550
5286179
5287545
5288894
5289672
5290114
5290135
5290449
5291119
5291699
5292361
5292887
5293735
5294096
5294221
5294382
5295314
5295423
5295836
5297054
5297861
5298182
5300235
5301881
5301971
5302238
5303985
5305743
5308812
5311143
5311461
5312560
5313856
5314270
5314365
5314415
5315095
5315542
5316161
5318998
5319555
5320879
5321044
5321241
5321459
5323565
5323612
5324651
5324962
5325479
5325950
5326266
5326467
5326760
5327493
5328977
5329102
5330015
5330331
5332391
5333769
5335155
5335971
5336651
5338071
5338497
5339118
5339587
5339593
5340352
5340432
5340701
5340874
5342148
5344112
5344179
5344761
5345309
5346216
5346477
5347063
5347881
5347890
5348912
5349811
5349994
5351221
5351299
5351761
5352368
5352461
5352604
5353179
5354542
5355163
5355963
5356473
5357857
5359591
5359601
5359750
5361604
5361619
5361803
5361991
5362599
5364172
5365082
5365366
5365420
5365752
5365769
5366000
5367229
5367491
5368198
5368924
5369126
5369835
5371028
5371075
5371756
5371952
5372179
5372605
5372679
5372930
5373098
5373947
5374078
5374111
5375380
5375984
5377049
5377666
5377814
5378197
5379663
5379734
5380328
5381437
5382087
5382165
5385013
5387086
5387276
5387291
5387771
5388415
5388659
5389912
5391580
5394839
5395673
5396513
5397199
5397794
5398046
5398802
5399066
5399661
5399764
5400112
5400506
5400866
5402305
5403222
5403229
5403889
5404058
5404447
5405020
5405515
5406148
5407864
5408040
5408970
5409006
5410092
5410226
5411215
5411587
5413334
5413890
5415043
5415708
5416558
5416800
5424301
5426223
5426525
5428105
5428716
5428853
5428872
5430585
5430988
5431030
5431199
5431772
5432531
5435785
5436016
5439573
5441285
5442328
5442827
5443206
5444047
5444277
5446649
5447303
5452114
5452765
5453003
5453691
5454641
5454643
5456402
5457482
5457486
5458536
5459473
5459736
5461219
5462286
5462415
5464133
5464621
5466786
5467168
5468398
5469034
5469870
5470768
5473002
5473194
5473336
5474546
5475526
5476228
5476271
5476446
5476513
5477723
5478632
5480094
5480715
5480896
5481710
5481988
5482292
5483011
5484927
5486409
5486805
5486816
5488600
5489761
5490363
5491734
5491865
5491903
5492826
5494531
5495319
5497055
5497268
5497772
5500736
5500879
5503290
5504138
5504388
5505119
5506976
5507256
5510049
5512270
5513467
5515228
5515919
5516591
5516652
5516925
5517596
5517875
5518254
5519679
5519706
5520765
5521301
5521363
5523468
5524652
5524714
5524812
5525449
5525577
5526050
5526993
5527827
5528082
5528952
5529764
5530911
5531295
5531531
5532249
5532957
5534851
5534854
5535204
5535313
5536345
5536452
5537316
5537905
5539752
5540239
5540439
5540549
5540997
5542273
5543657
5544198
5544426
5545147
5546026
5546029
5546200
5546539
5547191
5549403
5549830
5550166
5550406
5550741
5551672
5552859
5553316
5553590
5556941
5557367
5557386
5557587
5558648
5560394
5561479
5561480
5561937
5562071
5563658
5564461
5564984
5566184
5566675
5568563
5569004
5569799
5570424
5574286
5574503
5574749
5575077
5575485
5575860
5576461
5577170
5577532
5577635
5578515
5578827
5579263
5579728
5580969
5581046
5583129
5584074
5584865
5587028
5587549
5589289
5589554
5590025
5590052
5590216
5590532
5591345
5591761
5592019
5592769
5595147
5595314
5595327
5599482
5599827
5599943
5600208
5600323
5601250
5601766
5602228
5602574
5604742
5605099
5605652
5605805
5606704
5607053
5609500
5612352
5613373
5614185
5614225
5614689
5617158
5617207
5619515
5621214
5621554
5626635
5626637
5627334
5627396
5627945
5628600
5629709
5629900
5630489
5630933
5631292
5632654
5633206
5634593
5634853
5635533
5635618
5635739
5636191
5637460
5638068
5638579
5639991
5640461
5641214
5642177
5644838
5646441
5648375
5648898
5650283
5651381
5652146
5652385
5654177
5654863
5655589
5656134
5656982
5657226
5658224
5658910
5658961
5662669
5662699
5663475
5663914
5668485
5669627
5671007
5673991
5674093
5674296
5674399
5675045
5675282
5680065
5680119
5680381
5680452
5680466
5680827
5682053
5682521
5682580
5683364
5687115
5687581
5688160
5688674
5690796
5692553
5693391
5693765
5694226
5695093
5699454
5699706
5700184
5700410
5701108
5701494
5701844
5702467
5702528
5703945
5704524
5704668
5705920
5709975
5711825
5715316
5715598
5716285
5717902
5718875
5719596
5719665
5720687
5720942
5721378
5721461
5721592
5722478
5722782
5725774
5726376
5726713
5727554
5727884
5729365
5730202
5732497
5733038
5733221
5733987
5734811
5736556
5737088
5737730
5738207
5738515
5738673
5739076
5741959
5741974
5741981
5743951
5744756
5746027
5746716
5746913
5747652
5748304
5748425
5749646
5750849
5752279
5752895
5753117
5753834
5755309
5755943
5758633
5759371
5761593
5761908
5765215
5765750
5766228
5766435
5766448
5766488
5767776
5769142
5769767
5771128
5771767
5773666
5774951
5775730
5777819
5779120
5779678
5780494
5783470
5784070
5784623
5784662
5786693
5787453
5787585
5788383
5789280
5792314
5792657
5793673
5798165
5798280
5798569
5800093
5801657
5803597
5804818
5804979
5805182
5805522
5806416
5807612
5808386
5808444
5809623
5809923
5810059
5811870
5811929
5812121
5812432
5812758
5813449
5814661
5814805
5815043
5815688
5815903
5816015
5816916
5818851
5818939
5818987
5820256
5821704
5821946
5823365
5823771
5823790
5824328
5824600
5825039
5825234
5825731
5826012
5826331
5826575
5827430
5827979
5828954
5830427
5832319
5832533
5833322
5833596
5834044
5834673
5835785
5835954
5836423
5837138
5838202
5838528
5838924
5839267
5840923
5843929
5844641
5845112
5845791
5845913
5848306
5848967
5850088
5851006
5851488
5852020
5855744
5856665
5857281
5857337
5857363
5857677
5858335
5858993
5859591
5859932
5860618
5861392
5861451
5861980
5863560
5863919
5865018
5865434
5865798
5866083
5868511
5871420
5871456
5871597
5872742
5873268
5873958
5873978
5875241
5877279
5877822
5878212
5878358
5879536
5882642
5882656
5882806
5882957
5883596
5884511
5886793
5886844
5888482
5888502
5888709
5888762
5888905
5892200
5893080
5893924
5894392
5894555
5895005
5895249
5897369
5899473
5900053
5900075
5900395
5900422
5902501
5902653
5904732
5904736
5905803
5905995
5908037
5909483
5909834
5909941
5910268
5911077
5911676
5912110
5912127
5912954
5913604
5913701
5916097
5916757
5917656
5918668
5921220
5921868
5922110
5923437
5923459
5924155
5924221
5924836
5925646
5926092
5926711
5926739
5927525
5928120
5928513
5928564
5928655
5928706
5929571
5929651
5929849
5929913
5931389
5931967
5932160
5932440
5932460
5932721
5932743
5934060
5934156
5936168
5936314
5936470
5936484
5936799
5938808
5939612
5939676
5940388
5940787
5942095
5942313
5942893
5943194
5943565
5944301
5945620
5945897
5947271
5947760
5948634
5948815
5949470
5949629
5950027
5950942
5952612
5952669
5953768
5953940
5955578
5957758
5958947
5959986
5960409
5960756
5960887
5963080
5963463
5964155
5964178
5964763
5966138
5967427
5967905
5972601
5974241
5975366
5975372
5975795
5977081
5977325
5977496
5977525
5977740
5978015
5978251
5980915
5981208
5983477
5983541
5983920
5983939
5984819
5985279
5986030
5986364
5987894
5989089
5989188
5989314
5989329
5989933
5990929
5992396
5994154
5994742
5995316
5995751
5995774
5995868
5996489
5997067
5998398
5998631
5999086
5999468
5999515
6000089
6000148
6000166
6000898
6001175
6002634
6002917
6003714
6004053
6004067
6004290
6007675
6009080
6009749
6010380
6012210
6012686
6015257
6015544
6015640
6017110
6019850
6020992
6022276
6022597
6024353
6024646
6025593
6026975
6027161
6029197
6029310
6030469
6030859
6032187
6032358
6032987
6034967
6036018
6036525
6036664
6037943
6038705
6039372
6039845
6041349
6043055
6045184
6045291
6045670
6045911
6046447
6046947
6048108
6049821
6050612
6050754
6051075
6052453
6052619
6053250
6054150
6055106
6055790
6056597
6059452
6060991
6061456
6062248
6062598
6063227
6068501
6073458
6074006
6074228
6074660
6075604
6075967
6076472
6076609
6076651
6076909
6077360
6077652
6077817
6077976
6078144
6078717
6079967
6080389
6082734
6083264
6083412
6085252
6085485
6085840
6086808
6087680
6088328
6089433
6090239
6090829
6091361
6091567
6092954
6093096
6093262
6094492
6095388
6095894
6098955
6099230
6100013
6101642
6104006
6104128
6104740
6109092
6110460
6111246
6111247
6111663
6112333
6114897
6117275
6117381
6119054
6119253
6119545
6119650
6120554
6122832
6123572
6125490
6126335
6128050
6130612
6130627
6131513
6132252
6132397
6132756
6133434
6133634
6134432
6135215
6135554
6135947
6136870
6137230
6137638
6139114
6139849
6142621
6143848
6144103
6144986
6145046
6145455
6146314
6146988
6147230
6148189
6148957
6149166
6149850
6150611
6151413
6152783
6153015
6155347
6155957
6156320
6156578
6156960
6156981
6157884
6158207
6158628
6158958
6160152
6162242
6162747
6162788
6163508
6164131
6165438
6166758
6169135
6170394
6171316
6173373
6173686
6174139
6174156
6174643
6177207
6178259
6179259
6180075
6180688
6180895
6182925
6183936
6183985
6184034
6185433
6185871
6186924
6187525
6188053
6190634
6193256
6193759
6194074
6194267
6194651
6195048
6195742
6195911
6196100
6196467
6197583
6197848
6197954
6200201
6200224
6200866
6200928
6202659
6202668
6203558
6203664
6204662
6205497
6206560
6206609
6207232
6207404
6207723
6209875
6212398
6212823
6213420
6213703
6215544
6215967
6216537
6217278
6218761
6219356
6220198
6220768
6221261
6222240
6223271
6223992
6224654
6225094
6226546
6227229
6231237
6231982
6232580
6233129
6233388
6233957
6235269
6235753
6235878
6236805
6237242
6238549
6239913
6241703
6241770
6242904
6243351
6244033
6245326
6245592
6245717
6246662
6246786
6247284
6247984
6248867
6248943
6249365
6249650
6251573
6252106
6253657
6255236
6258390
6258998
6261770
6262513
6263824
6263976
6264261
6265273
6265508
6265716
6266707
6267047
6267619
6268431
6269054
6269251
6271742
6272143
6272384
6272695
6272704
6272933
6273358
6274537
6277497
6278201
6278975
6279310
6279618
6282800
6283256
6284755
6286117
6286851
6287969
6292833
6294344
6295118
6295853
6296986
6298546
6298622
6301350
6302721
6303044
6304505
6304585
6304782
6305253
6305539
6306303
6309733
6310361
6311065
6311851
6312694
6313116
6314000
6314845
6315214
6318118
6319581
6319840
6320314
6321555
6323262
6324372
6326136
6326292
6330224
6330801
6331539
6331541
6335277
6335896
6336535
6337500
6337695
6338075
6338472
6340013
6341009
6343577
6344004
6346350
6346880
6347965
6347985
6349512
6349777
6351574
6352307
6352806
6353293
6353665
6356052
6356708
6357137
6357914
6359417
6360184
6360224
6362620
6364941
6365884
6367612
6369098
6370564
6370769
6371444
6373499
6374179
6374235
6374834
6374839
6379195
6379306
6380192
6380449
6382166
6383959
6384863
6386020
6386229
6386745
6387462
6387775
6388117
6388177
6389158
6389294
6389519
6390917
6393213
6395704
6395764
6395991
6398146
6398631
6399311
6400378
6400804
6402318
6402466
6402782
6404829
6406763
6409223
6410021
6410068
6410087
6410448
6411065
6411275
6413565
6414132
6418318
6419744
6420969
6421848
6423654
6423847
6424275
6425187
6427803
6427929
6428631
6429379
6429951
6430785
6431107
6432217
6432715
6433099
6433414
6434869
6435652
6436289
6436695
6436762
6437415
6438726
6438984
6440196
6440743
6442330
6442356
6442956
6443970
6444762
6445323
6446810
6447323
6447487
6447596
6449418
6450550
6450698
6451481
6451522
6452165
6453301
6453435
6455363
6455782
6456483
6457284
6457517
6458822
6458983
6459997
6461059
6462807
6463972
6463977
6464050
6466385
6466603
6466914
6467557
6469706
6471793
6473302
6473696
6473786
6475576
6476448
6476568
6478110
6479418
6484960
6484999
6485089
6485905
6487643
6487700
6487919
6488226
6491419
6491460
6492247
6492259
6495702
6496562
6500336
6502243
6504534
6504558
6504634
6506295
6510091
6510278
6511087
6511626
6512249
6512931
6514300
6514316
6514406
6516078
6516693
6519295
6521144
6522479
6524217
6526660
6528966
6529824
6531334
6532515
6532945
6533176
6534446
6536940
6537856
6538032
6538243
6538517
6540373
6541973
6542748
6543110
6543168
6543302
6544732
6545336
6546783
6547465
6548618
6549590
6551616
6556028
6557230
6557326
6558111
6559751
6562506
6562585
6563015
6563806
6563872
6564116
6564226
6564931
6565009
6565892
6566003
6567594
6567644
6568237
6569159
6569215
6569230
6569286
6569715
6570160
6572366
6572537
6573339
6573340
6573396
6574016
6575007
6575331
6575582
6578880
6579364
6579684
6580728
6583572
6583912
6583924
6585024
6585079
6585228
6585831
6585855
6586898
6590854
6591455
6593491
6593601
6593872
6594209
6596858
6597860
6598866
6599080
6599310
6601990
6602125
6603274
6606323
6607004
6607305
6607964
6608370
6609020
6609531
6609743
6612143
6612582
6613927
6613963
6614548
6614822
6614879
6615717
6616337
6617059
6618683
6618732
6619369
6619377
6622225
6622897
6623527
6623613
6624952
6625828
6626780
6628992
6629521
6629804
6630175
6631260
6632374
6632670
6635289
6636293
6636693
6636888
6637536
6637860
6638438
6639176
6641879
6643089
6643910
6643944
6644429
6650180
6650543
6651887
6652615
6653075
6653773
6653812
6654349
6654730
6655762
6656163
6656396
6656583
6657030
6657908
6658353
6659063
6659546
6660487
6661415
6662381
6662607
6664129
6664407
6667587
6667737
6667961
6668675
6668931
6669186
6669499
6672161
6672865
6674029
6674967
6675743
6676635
6677941
6678118
6678742
6678839
6679223
6679823
6682743
6683890
6686745
6686994
6687833
6688377
6689459
6690120
6690245
6691044
6691432
6692222
6693169
6693498
6693551
6695823
6696017
6696141
6698300
6700044
6700677
6701065
6701376
6701443
6701560
6702938
6703986
6704489
6706338
6706832
6707041
6708637
6709452
6709577
6711773
6712746
6713193
6715100
6716269
6716834
6716851
6717877
6719556
6719960
6720536
6721407
6723161
6725888
6726685
6726846
6729219
6729593
6729624
6729946
6730503
6731105
6731543
6731700
6732465
6734399
6735206
6735479
6736413
6737867
6738719
6740084
6740622
6741779
6743035
6743179
6744053
6746657
6747762
6747919
6748848
6749570
6750278
6750617
6751905
6752383
6752769
6752776
6754381
6754464
6755301
6755431
6756017
6757173
6758830
6760169
6761098
6761403
6762482
6762672
6762961
6763323
6764629
6765172
6765251
6765284
6766743
6766787
6767055
6768859
6769925
6770758
6771214
6771649
6771811
6772390
6773953
6774029
6775514
6776043
6776117
6777677
6779243
6780471
6781824
6781963
6782258
6782946
6783750
6783854
6785728
6786814
6788017
6788649
6790104
6790731
6790802
6791124
6791524
6792143
6794439
6794614
6794639
6794689
6795575
6797042
6797666
6797898
6798142
6798328
6799938
6800668
6801645
6802339
6802807
6803358
6803473
6803757
6804892
6804928
6806085
6807584
6808566
6809152
6810332
6811422
6812216
6812264
6812656
6812749
6812852
6813352
6813369
6814712
6814740
6814841
6816201
6817579
6818231
6818337
6818536
6819146
6819478
6819699
6822566
6822808
6825007
6825935
6826997
6827451
6828057
6829353
6829848
6831329
6831520
6832431
6832781
6834454
6837198
6842691
6843958
6846030
6846032
6846331
6846482
6847048
6848817
6849015
6849090
6853068
6855512
6856378
6857484
6857808
6860775
6861700
6863368
6863920
6864949
6866319
6868251
6868265
6869527
6872137
6872275
6874613
6874807
6875096
6878114
6878311
6880439
6881449
6882131
6882392
6883762
6884099
6884219
6884541
6885599
6885858
6886462
6887557
6887635
6888304
6889163
6890009
6891056
6891244
6891822
6892610
6892808
6893800
6896219
6898482
6898913
6899158
6899432
6901285
6903873
6904678
6907388
6909137
6909479
6909492
6909710
6910928
6912334
6913183
6913273
6914869
6916359
6917058
6917247
6918368
6918992
6919288
6920220
6920694
6921334
6922991
6923603
6924299
6926135
6926561
6927042
6927798
6928341
6928925
6929609
6929993
6930547
6930884
6933144
6935518
6935530
6936385
6937988
6938627
6940678
6941193
6941554
6944004
6945976
6947491
6949621
6949790
6952519
6953210
6953374
6953560
6953569
6954320
6954983
6955383
6956063
6957004
6957907
6958057
6959178
6959444
6960071
6960370
6961066
6963086
6963869
6965260
6965601
6965851
6965914
6966092
6970178
6970241
6970773
6970870
6971422
6972736
6974078
6974628
6976180
6976718
6977696
6978898
6979969
6980349
6981148
6981729
6981999
6982069
6983344
6984020
6984346
6984448
6984872
6985148
6985395
6986747
6986898
6988859
6990454
6990833
6994171
6994465
6995207
6995413
6995731
6996815
6996838
6997100
6997529
6998348
6998564
6999354
6999626
7000461
7001548
7002091
7002499
7004621
7004686
7005136
7005507
7006261
7006288
7006617
7007298
7008138
7010308
7013452
7019615
7019734
7021107
7021917
7023537
7024869
7025565
7028840
7029475
7029926
7030576
7031214
7036480
7038121
7038980
7039290
7039431
7039452
7041550
7041582
7041948
7041982
7043609
7044531
7044884
7049570
7049751
7050915
7052160
7052892
7053285
7054163
7054566
7054597
7054631
7055494
7055925
7058016
7059124
7060177
7060412
7064703
7065191
7065620
7066271
7067608
7069731
7072084
7073985
7076030
7076628
7076778
7076977
7079168
7079865
7080453
7081758
7083088
7084734
7088831
7089504
7091920
7092890
7092947
7093984
7095449
7095866
7097154
7100097
7100134
7100197
7100369
7100799
7101286
7101889
7103635
7104079
7104609
7104662
7105909
7106222
7107456
7109716
7110011
7113447
7113538
7113956
7114852
7115165
7115314
7117958
7118753
7120258
7121645
7122286
7122609
7124456
7124655
7127054
7127143
7128397
7129017
7129150
7130726
7131125
7131216
7131310
7135440
7137277
7138028
7138247
7139350
7139698
7139930
7140470
7140602
7140988
7141629
7141680
7143491
7143837
7144363
7144456
7145831
7145913
7146488
7149514
7150206
7151284
7151478
7153167
7153379
7155394
7155937
7156375
7158373
7159550
7160041
7160176
7160321
7160655
7161161
7161451
7163630
7165589
7165963
7166212
7166412
7167173
7167201
7169032
7170103
7170382
7171540
7173192
7173599
7173813
7174004
7176135
7176290
7176544
7177262
7179282
7179944
7181213
7181607
7183364
7184381
7184489
7185147
7185184
7185565
7186966
7188393
7188401
7189250
7189464
7190635
7190732
7191347
7191579
7192176
7194383
7195175
7195613
7195690
7196788
7198681
7199078
7200830
7200921
7201788
7202446
7203090
7203372
7204392
7206061
7208278
7208823
7210732
7210812
7211916
7212724
7213419
7213754
7214290
7214461
7215105
7216206
7216553
7219373
7219776
7221408
7221530
7222339
7228043
7229688
7230446
7232080
7232145
7234677
7235734
7236864
7239812
7239988
7240242
7240457
7241850
7243357
7243526
7244973
7245183
7245903
7246222
7246469
7247320
7247620
7247703
7247747
7248401
7252219
7253128
7253291
7253808
7254418
7254656
7256222
7256303
7257394
7257631
7258069
7258411
7258850
7261484
7263882
7263899
7264509
7268107
7269466
7271093
7271492
7271582
7272705
7272770
7273178
7273548
7274137
7274984
7275548
7275575
7276000
7278094
7278338
7278682
7279471
7280511
7282172
7283654
7284196
7285093
7285532
7286055
7286549
7290029
7290549
7290553
7291152
7291227
7293303
7293309
7293739
7294641
7296264
7298244
7299740
7299980
7300746
7301338
7302872
7303708
7303994
7304483
7306283
7306489
7306548
7306967
7307176
7307446
7310234
7310265
7310488
7311925
7311962
7313052
7314377
7314609
7316449
7316680
7317064
7317372
7320128
7320451
7322614
7322799
7326245
7326685
7327919
7328521
7329355
7329711
7331226
7331809
7332690
7332994
7333315
7334380
7334639
7335783
7335897
7336038
7338272
7339244
7345892
7346053
7347617
7349057
7349643
7350055
7350899
7351875
7353804
7354641
7355443
7355688
7355700
7355847
7357334
7357508
7357524
7358041
7358232
7358393
7358702
7359174
7363269
7364210
7365335
7366751
7369178
7370569
7371044
7371271
7371542
7374807
7375278
7377243
7378490
7379377
7379432
7379589
7380384
7382067
7382214
7382309
7382709
7383722
7384909
7387433
7388009
7388478
7389326
7389442
7390395
7392417
7392509
7393319
7393586
7394704
7395402
7395560
7396918
7397046
7397504
7397783
7398283
7399269
7399561
7400831
7401508
7401902
7402284
7402746
7402978
7403825
7405113
7405206
7405320
7405929
7406245
7407251
7407547
7408270
7408421
7408569
7409311
7411124
7411152
7412398
7412993
7414794
7415018
7415675
7417459
7418497
7418825
7419816
7419847
7421576
7424932
7425408
7425441
7426537
7427343
7427540
7427757
7431598
7431690
7432169
7433100
7433119
7435873
7436080
7436698
7436790
7437075
7437234
7437677
7438961
7440793
7442482
7442853
7443649
7444445
7444754
7445975
7446864
7446902
7448670
7448737
7451091
7452310
7454174
7454702
7455815
7456398
7458910
7459053
7460318
7460493
7461537
7461896
7462140
7462197
7462465
7462651
7462772
7464754
7465552
7468342
7468458
7468731
7471054
7471655
7474240
7477818
7478280
7478378
7478694
7480018
7480252
7480757
7481577
7481948
7482201
7484559
7484610
7484952
7485760
7486018
7486792
7486947
7487124
7488200
7488306
7489534
7490177
7491015
7491287
7491504
7493456
7493686
7493703
7494303
7495633
7497076
7497525
7500071
7500227
7503109
7504451
7504550
7505096
7505930
7506146
7507035
7507917
7508745
7509408
7510231
7511059
7511174
7511808
7512884
7514713
7514783
7517192
7519935
7522146
7522717
7523272
7524044
7524066
7525340
7526704
7528055
7528964
7529399
7531286
7531801
7532713
7533265
7534423
7534695
7535251
7535271
7536274
7537047
7538758
7539304
7539633
7539708
7540771
7543247
7544507
7548480
7548920
7549005
7550687
7551343
7551838
7552243
7552477
7552512
7552752
7553221
7554043
7554749
7555108
7556297
7556680
7557302
7558639
7560540
7561119
7562383
7563167
7565222
7566324
7566615
7567334
7567724
7567726
7571541
7572640
7572759
7573542
7576008
7576441
7579234
7579911
7580111
7580565
7580593
7581513
7581901
7583240
7584225
7584635
7584666
7585157
7587837
7588469
7588578
7591122
7591883
7592140
7592895
7594430
7594436
7594604
7595895
7596580
7597354
7597691
7597813
7597964
7598791
7601624
7601993
7602473
7602622
7602830
7603341
7604262
7605192
7605338
7606716
7606851
7606906
7607601
7608563
7609423
7610014
7611773
7613171
7613318
7613458
7613986
7614810
7615495
7616168
7618656
7619610
7621418
7622703
7624250
7626343
7626909
7629030
7629384
7629433
7629468
7630423
7631643
7633541
7637098
7637618
7638167
7638263
7638748
7639804
7639818
7639890
7639962
7641254
7642095
7642705
7642855
7642930
7644811
7645330
7647866
7648725
7648826
7651213
7652542
7653510
7653894
7655248
7655579
7656151
7659648
7660648
7660796
7662264
7662516
7662522
7663097
7663814
7666522
7667321
7667595
7668662
7669787
7670902
7671587
7671640
7671933
7672711
7674160
7675046
7675480
7676029
7676547
7677055
7678165
7682573
7683606
7684544
7685251
7685343
7685782
7687074
7687864
7687929
7688025
7688614
7689615
7690944
7691470
7691923
7691970
7692670
7692786
7692854
7696038
7696316
7696679
7697138
7698048
7699751
7699755
7700012
7702210
7703079
7703503
7703620
7704432
7707658
7708394
7709102
7715326
7715817
7716265
7718270
7718410
7720899
7721180
7722660
7723988
7725082
7728104
7734100
7735276
7735707
7735758
7736486
7736510
7737400
7738137
7738865
7740541
7740971
7742572
7745110
7745595
7746086
7746257
7748293
7749257
7749833
7750174
7750310
7751125
7751679
7752737
7752949
7753110
7754744
7757913
7758057
7760402
7760863
7760987
7761120
7761988
7764706
7765721
7767662
7769083
7769406
7769737
7770606
7770943
7771016
7772061
7773007
7774792
7775047
7775268
7777411
7778093
7779099
7779456
7779764
7779842
7780106
7781000
7782896
7783118
7783410
7786091
7788233
7788802
7789429
7789739
7790439
7791601
7792446
7792655
7793975
7795009
7795055
7796609
7796760
7796787
7797226
7797878
7798410
7799612
7802270
7802386
7802453
7803426
7803699
7803888
7805687
7805871
7805878
7807363
7807384
7807555
7808434
7808709
7809616
7810929
7811640
7811707
7811919
7811938
7812696
7813385
7813669
7813683
7813995
7814914
7816204
7816864
7817616
7818990
7820645
7821506
7822176
7822550
7822878
7823337
7825053
7825727
7825889
7826528
7826608
7827413
7828626
7831891
7832050
7832648
7834416
7834508
7835942
7836181
7836540
7837639
7841441
7842121
7843709
7844472
7846076
7846218
7847071
7847394
7847738
7848180
7849402
7849489
7850463
7851262
7851558
7852150
7852449
7855059
7855328
7857395
7857891
7858824
7859336
7860440
7861593
7862091
7862791
7863004
7863377
7864991
7865295
7868163
7868392
7868467
7869758
7869881
7870003
7871160
7872935
7874353
7874901
7875579
7877440
7878106
7879480
7880023
7880935
7881998
7883143
7883316
7883900
7884291
7885023
7885735
7886563
7888519
7888803
7888852
7891735
7891742
7894031
7894084
7894217
7894743
7895024
7897224
7898629
7900219
7900673
7901472
7901777
7902061
7902364
7902941
7902969
7903031
7904960
7905345
7905636
7905808
7907906
7908338
7909208
7909761
7910113
7913266
7913634
7916960
7917640
7918137
7918932
7921270
7921678
7921817
7923243
7923593
7925378
7925998
7927293
7927761
7928331
7928641
7929519
7929806
7930870
7932612
7932921
7933180
7933613
7934912
7935607
7937129
7937242
7937773
7938811
7939008
7939339
7939588
7939739
7940942
7941267
7941771
7943740
7944126
7945689
7945716
7945931
7948214
7948331
7949338
7949542
7949695
7949749
7951184
7951345
7951480
7951812
7952660
7952873
7953216
7953262
7954075
7954362
7954842
7955804
7958538
7958945
7960171
7961586
7962378
7963730
7963801
7966844
7967206
7967479
7969162
7970462
7970607
7971388
7972554
7973021
7973764
7974249
7974698
7974903
7977391
7978668
7980634
7981583
7982392
7982483
7983007
7983249
7983528
7985848
7990810
7991895
7994423
7995225
7996087
7999254
7999303
8000475
8000770
8002564
8002828
8003174
8004971
8006316
8006680
8006682
8007087
8007729
8008603
8010948
8011167
8011380
8011562
8011676
8011921
8012254
8012261
8013968
8014849
8015963
8018463
8019355
8019588
8020053
8020909
8022144
8023154
8023291
8025749
8028059
8030988
8031472
8031923
8034182
8035744
8036160
8038629
8038936
8039664
8040035
8040041
8041331
8041670
8042927
8043194
8043401
8044314
8045852
8046078
8052026
8052228
8053359
8053600
8053614
8056067
8056108
8056127
8057543
8057675
8058196
8058845
8061145
8061499
8064235
8068247
8068883
8069277
8070794
8071068
8072080
8073108
8073160
8073199
8073690
8074063
8074251
8076087
8077119
8077894
8078437
8079587
8079763
8080481
8081295
8082595
8084705
8086609
8086681
8088491
8090866
8094508
8096559
8097143
8098044
8098973
8101303
8101416
8101808
8102229
8102619
8102715
8103620
8103778
8104172
8104525
8104869
8104938
8106111
8106207
8106458
8106519
8106711
8107721
8108053
8110149
8110904
8111177
8112228
8113677
8116199
8118310
8118919
8121689
8123338
8123835
8124189
8124538
8128181
8128402
8129627
8134677
8137712
8138432
8138619
8139176
8140910
8141122
8141139
8142081
8143465
8144113
8146589
8146968
8147352
8149390
8150382
8150908
8150909
8152070
8152174
8152667
8153934
8154273
8154366
8155111
8157223
8158171
8158485
8158979
8160367
8161466
8162990
8163921
8165235
8165844
8166760
8169671
8171508
8172196
8173255
8175715
8176131
8176564
8177011
8177842
8178441
8179139
8179964
8182376
8183045
8183489
8183490
8184376
8184553
8184865
8185210
8185245
8187496
8187597
8187602
8187900
8188160
8188851
8189117
8190711
8191678
8191944
8192920
8192943
8193353
8193674
8193765
8194234
8194492
8194642
8194762
8194914
8195110
8196284
8197251
8197856
8198528
8198967
8199375
8200925
8203363
8205151
8205681
8207200
8208059
8208230
8208506
8210105
8210815
8211518
8211999
8213543
8216554
8216837
8218351
8218415
8218724
8219154
8220105
8221613
8222939
8223004
8225385
8226287
8226663
8227149
8228515
8231248
8232996
8233971
8234921
8235288
8235788
8237663
8240393
8240556
8241123
8241631
8242433
8243762
8245228
8245337
8246278
8246308
8248930
8249506
8249922
8250184
8250266
8251758
8252016
8254127
8255244
8255872
8258146
8258154
8259772
8260019
8261134
8261411
8261704
8262006
8262793
8263130
8263515
8263986
8265180
8266118
8266816
8267726
8268770
8269046
8269497
8270222
8270623
8275394
8277668
8277734
8283242
8283387
8284994
8286023
8286233
8286364
8287010
8287987
8288775
8289793
8290388
8291094
8291300
8291517
8291758
8292415
8296612
8296818
8298961
8301171
8301287
8302022
8305114
8306299
8306841
8308691
8308920
8309226
8310207
8310275
8310730
8311102
8311378
8314065
8314069
8315965
8316118
8319424
8319752
8319809
8319871
8322652
8323712
8325404
8326370
8327714
8328773
8330136
8330658
8332289
8332388
8332877
8334721
8335812
8337016
8337156
8337677
8339149
8340643
8340996
8342865
8343139
8344073
8346776
8347106
8347652
8347875
8348481
8349513
8349632
8350482
8351764
8353929
8354224
8354578
8355365
8355818
8357664
8357941
8360302
8361907
8362898
8365188
8366084
8367796
8368425
8368691
8368854
8369619
8369984
8370162
8370955
8371103
8371561
8371689
8373476
8373548
8373776
8374580
8375208
8375719
8375796
8376284
8376581
8376629
8376974
8377078
8377281
8378810
8378967
8379274
8379408
8379886
8380248
8382249
8382342
8382559
8382810
8382828
8384509
8384873
8385092
8385766
8385807
8386991
8387713
8387987
8389643
8389836
8392571
8395009
8397588
8397811
8399955
8400474
8401486
8402143
8403164
8403463
8403813
8406007
8406183
8406362
8406582
8406687
8406772
8409026
8409562
8410350
8412831
8413286
8413924
8415279
8416817
8417602
8419039
8420512
8420958
8421792
8422508
8423178
8423733
8424178
8425256
8425712
8427083
8427901
8429018
8429301
8430280
8430729
8432109
8434605
8435883
8436228
8436854
8437087
8437398
8437634
8438527
8438557
8439429
8441396
8441469
8443168
8443946
8444425
8446277
8448865
8451249
8451388
8452776
8453073
8453568
8454652
8454763
8454888
8455435
8456008
8457715
8457993
8458037
8459141
8461251
8462979
8463208
8464009
8464366
8466278
8468200
8468878
8469679
8469896
8470538
8471317
8471475
8473526
8473561
8473858
8476598
8476674
8477344
8477646
8479662
8483810
8484413
8486214
8486338
8486663
8488262
8488411
8488490
8488616
8491200
8492244
8492456
8492576
8492786
8493241
8493942
8494468
8497689
8499085
8501156
8501513
8503099
8503693
8503731
8504888
8508082
8508715
8509700
8510255
8510408
8510527
8511378
8511983
8512018
8513479
8514188
8514789
8514877
8516461
8516684
8516798
8518133
8519331
8520762
8522637
8523450
8525868
8528172
8528367
8529474
8529483
8530726
8531030
8533080
8534391
8534967
8535977
8537204
8538853
8538906
8538972
8539872
8540733
8542104
8542486
8544307
8546212
8546363
8546373
8547332
8548407
8548408
8548632
8548725
8550150
8550349
8550461
8550549
8553253
8554663
8555402
8556106
8556320
8556918
8557151
8557187
8557231
8557324
8558029
8558066
8558415
8558552
8559135
8560219
8561013
8561078
8561743
8564110
8566387
8566845
8567618
8570734
8570889
8573914
8574879
8576724
8576992
8577732
8577984
8578404
8578808
8581685
8583627
8584115
8584900
8590991
8591738
8593071
8593226
8593284
8593419
8594662
8595150
8595440
8596280
8597456
8600642
8602873
8603590
8605029
8606550
8606785
8607216
8607453
8610191
8610741
8611328
8611792
8612349
8613756
8614464
8615629
8617468
8617957
8618086
8618704
8620714
8621909
8622708
8623387
8624661
8625034
8626235
8626292
8626475
8626904
8628199
8630028
8631399
8631969
8632139
8633641
8634527
8637355
8637586
8638891
8640637
8643233
8643303
8644710
8647746
8648219
8650904
8651347
8651478
8652924
8654172
8654991
8655607
8656384
8657253
8658484
8659938
8660907
8662204
8666104
8666219
8667102
8667261
8667383
8668777
8668844
8669858
8670048
8670377
8670809
8670922
8672095
8672353
8672448
8672711
8672777
8673842
8676714
8679856
8680154
8680313
8680867
8681612
8683524
8684126
8685775
8685825
8686600
8688676
8690289
8690822
8692447
8694694
8695312
8695813
8697253
8698551
8699218
8699911
8699999
8700040
8702242
8702325
8704002
8704428
8704456
8704735
8705291
8705940
8706987
8707554
8707687
8707731
8708168
8709564
8711714
8711727
8713697
8713728
8714273
8715973
8716946
8717890
8718088
8719012
8719589
8719699
8722223
8722599
8724083
8724196
8726860
8727581
8728724
8729085
8730580
8732983
8735813
8736748
8736985
8737247
8737318
8737573
8738615
8738932
8739017
8743667
8745565
8748104
8748137
8749747
8749923
8752552
8754183
8754355
8754833
8754980
8755214
8756129
8757828
8757955
8759251
8761053
8762356
8762955
8764050
8765733
8766711
8766878
8767142
8768622
8768865
8771878
8772278
8772976
8773067
8773350
8774892
8776825
8776850
8780557
8783195
8784053
8784808
8785207
8785928
8787662
8788419
8788754
8789581
8791035
8791644
8792057
8792656
8794539
8797029
8797920
8798621
8801710
8802448
8803270
8804095
8804595
8805060
8805520
8805521
8806199
8806704
8807027
8809311
8811137
8811731
8812896
8815104
8815224
8816157
8816243
8816357
8817796
8818977
8819826
8820812
8820963
8821288
8822064
8822938
8823996
8825442
8826165
8826338
8827715
8827936
8828591
8828846
8830131
8830185
8830299
8830310
8830406
8830529
8830532
8830987
8831041
8831523
8831566
8831888
8833082
8834443
8834535
8837635
8840041
8846816
8847775
8850097
8850202
8850423
8851037
8851555
8853042
8853975
8854244
8855226
8855432
8856502
8856630
8858098
8858450
8859075
8859161
8859672
8860046
8860960
8861838
8862738
8862746
8862852
8863466
8866128
8867445
8867878
8868779
8869862
8870347
8870744
8871284
8874111
8874954
8875052
8878025
8878227
8878312
8878558
8879050
8879137
8879587
8879759
8880240
8880502
8880942
8882559
8884604
8885108
8885738
8887039
8888652
8888733
8893163
8894878
8895236
8895346
8897286
8897305
8897444
8898629
8899485
8900033
8900161
8900973
8901120
8901595
8901814
8902076
8903574
8905233
8906878
8908085
8908785
8909248
8910367
8910446
8912709
8914100
8914283
8914936
8915450
8916272
8916326
8916754
8917144
8917268
8917629
8919487
8919619
8919807
8920487
8921236
8922258
8922717
8926268
8926628
8926689
8929683
8933940
8934912
8935958
8935997
8938735
8939127
8939854
8939864
8940647
8941243
8941825
8942759
8945662
8946013
8947487
8949177
8951184
8951504
8952663
8952827
8953995
8955098
8955191
8955486
8956094
8956816
8956834
8957041
8957958
8958152
8958804
8960819
8961024
8961071
8961861
8962366
8964137
8964867
8965656
8966241
8967051
8967919
8968265
8968624
8968702
8968935
8969094
8969307
8969743
8977246
8978634
8979397
8979955
8981875
8983404
8983455
8985495
8986372
8986583
8987371
8987373
8987407
8989846
8990548
8991498
8991544
8991667
8991683
8991706
8992206
8992826
8993246
8993577
8994506
8994940
8995383
8998798
8999627
9000160
9000960
9001369
9001813
9002149
9003017
9004018
9004440
9005385
9006155
9006424
9006815
9006855
9007097
9007278
9007888
9008747
9008819
9009611
9010974
9012959
9013271
9014581
9014896
9015122
9015334
9016056
9017054
9019118
9019280
9019717
9020223
9021280
9021309
9021399
9023418
9024572
9026496
9029524
9029549
9030340
9030353
9030602
9031193
9031205
9031884
9035075
9035766
9036410
9036711
9037472
9037800
9038010
9038507
9039296
9039713
9040261
9040423
9043331
9043872
9044115
9044375
9045458
9045839
9045932
9046838
9047918
9048469
9048669
9048840
9050396
9050466
9050908
9051441
9051447
9052048
9053400
9053427
9055218
9055402
9059462
9060762
9061336
9061456
9061717
9063134
9063599
9063958
9064182
9064656
9064806
9064974
9065487
9067087
9067298
9068636
9070965
9071055
9071796
9072126
9072196
9072302
9072794
9073591
9073870
9074771
9075843
9077800
9079843
9080142
9082277
9084744
9086388
9086425
9086582
9087212
9087864
9088021
9088847
9089571
9089609
9090987
9092089
9092379
9093434
9094272
9094796
9098986
9099136
9100210
9100308
9100458
9100995
9102554
9103686
9105168
9105438
9106219
9106789
9107027
9107231
9107237
9111198
9111217
9114689
9116575
9117162
9118585
9118714
9120249
9122273
9123339
9123598
9123661
9125327
9125426
9125490
9126320
9126554
9126765
9127820
9127916
9129027
9129313
9129535
9131053
9133988
9135351
9136777
9138418
9141281
9146590
9147022
9147531
9150726
9151288
9152833
9154133
9154761
9155074
9155528
9157183
9157547
9158105
9158243
9159516
9159762
9161342
9161400
9163095
9164304
9164525
9165868
9166314
9166492
9166554
9166589
9167025
9167330
9167429
9169048
9169715
9170273
9171375
9173291
9174634
9175898
9176445
9176708
9176944
9178222
9179412
9181948
9183433
9185767
9186142
9187702
9187764
9187804
9188772
9189941
9192501
9195428
9195518
9196100
9196907
9197433
9197509
9199245
9201167
9202061
9203495
9205833
9206033
9206115
9206253
9207626
9208003
9208879
9209632
9212659
9212983
9213409
9213892
9215761
9217207
9217720
9218192
9219265
9219389
9219391
9221518
9221603
9221708
9222762
9222805
9223051
9223710
9224165
9225742
9226846
9227567
9227740
9227744
9229679
9230470
9230851
9232103
9234366
9235312
9235456
9237113
9237125
9237839
9239645
9241800
9241865
9242515
9243039
9243961
9244227
9244233
9244550
9247037
9247734
9247907
9248047
9248338
9248782
9249255
9249638
9249853
9253821
9253947
9255506
9256114
9257615
9258797
9259401
9261712
9261718
9263957
9264669
9267628
9267814
9267925
9269783
9270981
9273096
9274032
9276595
9281082
9282197
9283059
9284012
9284135
9284221
9284259
9285006
9287463
9288468
9289320
9289594
9289938
9290518
9290734
9290816
9291158
9291989
9292220
9292551
9294054
9294428
9295748
9298174
9298473
9299475
9302999
9305078
9305561
9306452
9307198
9307303
9308533
9308542
9308860
9309265
9309441
9310683
9311069
9312485
9313959
9316580
9317687
9318241
9319652
9320156
9320992
9322304
9325985
9327924
9330093
9330212
9330299
9332494
9335041
9335102
9335704
9336237
9336995
9337150
9340643
9340666
9342029
9344015
9344305
9345083
9345321
9345350
9345518
9345873
9346251
9347222
9348671
9350188
9350203
9351329
9352405
9354486
9354908
9355137
9355162
9355519
9356256
9356759
9356791
9357152
9358866
9359668
9360330
9362838
9363336
9363397
9363561
9364529
9365961
9366755
9366772
9367884
9367910
9368417
9368870
9370379
9372547
9373182
9374648
9375636
9378944
9380904
9381698
9383465
9383658
9384811
9388888
9389090
9389348
9390203
9390413
9390765
9390829
9393256
9394323
9394715
9394827
9396082
9396883
9399175
9400308
9400549
9400697
9401219
9401309
9402228
9404561
9404608
9404672
9405095
9405745
9406343
9406897
9411438
9411732
9412434
9412923
9413210
9413884
9416533
9417470
9417583
9417798
9417975
9418667
9418884
9420715
9422177
9424163
9424571
9425738
9427338
9427846
9429021
9429753
9430752
9433933
9434108
9434401
9434625
9435818
9438374
9438531
9439336
9439508
9440350
9440533
9441399
9443552
9443723
9444335
9445084
9446110
9447671
9448360
9449155
9449300
9449462
9449584
9449857
9449904
9450374
9450445
9450467
9450691
9451748
9454528
9457252
9457409
9457494
9458258
9459034
9460132
9460555
9462486
9465630
9467285
9469146
9469563
9470511
9470820
9472438
9473942
9474913
9476158
9476560
9476922
9479411
9481228
9482170
9482209
9482979
9483110
9483947
9485237
9486104
9486331
9486638
9486890
9489047
9489772
9493441
9494977
9494995
9495541
9495820
9497833
9498473
9498532
9498956
9500330
9500527
9500678
9500718
9501477
9504250
9505071
9505821
9506902
9508489
9508593
9509560
9510366
9513034
9513666
9515694
9517283
9517380
9517416
9518935
9518971
9519090
9522815
9523008
9523267
9523650
9524055
9525823
9527212
9529862
9529981
9530421
9531471
9531990
9532620
9532748
9533929
9534702
9536830
9537034
9537172
9537187
9537253
9538558
9539338
9540175
9540531
9541568
9541581
9541782
9542330
9543942
9545007
9546933
9548384
9549181
9549257
9549434
9550148
9553712
9554218
9554792
9557532
9557641
9558154
9558596
9558668
9559027
9559039
9559680
9560503
9560570
9564131
9564862
9564968
9568388
9568429
9568683
9568852
9570695
9571117
9572591
9572993
9573493
9574870
9575124
9576184
9576214
9578764
9579572
9580120
9580603
9581811
9582199
9583964
9584348
9584544
9584803
9585312
9586379
9588306
9590005
9590729
9591188
9592452
9592950
9592982
9593287
9594085
9594196
9594467
9595124
9597868
9598885
9599175
9600261
9600266
9600378
9600504
9601609
9601776
9601904
9603600
9604883
9605589
9606024
9606132
9606271
9607070
9608011
9608041
9608953
9610263
9610517
9611024
9611721
9613078
9614006
9614049
9614569
9615160
9616650
9616803
9617046
9617453
9618559
9619380
9619477
9619778
9620607
9621612
9621724
9623637
9625190
9629439
9630183
9635662
9635668
9637118
9638350
9639727
9639853
9640730
9642847
9643636
9644014
9644461
9644545
9644755
9645090
9645879
9646571
9647430
9650936
9653665
9655665
9655708
9657071
9657613
9658653
9660430
9661930
9662097
9662587
9663495
9664266
9666268
9668079
9668596
9668818
9670869
9671749
9672689
9675440
9676007
9676513
9676718
9677103
9680758
9682543
9683893
9685246
9685638
9687299
9689665
9690348
9691119
9691261
9693607
9694946
9695216
9695996
9696396
9696483
9697362
9697487
9697897
9697949
9698303
9698485
9700837
9701308
9701789
9701934
9703152
9703672
9704162
9705119
9705979
9706172
9706255
9708923
9709265
9711717
9712044
9712984
9714321
9714691
9714851
9714999
9716476
9716665
9717177
9720775
9721230
9722165
9722959
9723821
9724168
9724799
9725509
9726630
9727062
9729286
9730449
9732605
9733075
9734897
9735737
9735902
9737263
9737510
9738183
9738644
9741156
9741184
9741447
9743814
9744538
9744897
9745583
9746535
9748705
9750211
9750461
9750492
9751160
9752138
9752435
9753597
9753686
9753746
9753858
9757069
9758837
9761584
9763452
9764507
9765067
9765226
9767153
9767515
9767692
9768893
9769435
9770607
9771049
9771129
9771667
9772297
9772486
9773264
9773332
9774113
9775000
9777967
9778903
9780571
9781522
9782752
9783277
9786185
9786724
9787405
9788870
9790394
9790701
9792590
9793841
9794529
9795003
9795138
9795597
9796863
9796943
9797196
9797951
9799346
9800298
9800340
9801919
9802113
9802480
9802684
9802865
9803203
9805085
9805674
9806157
9807544
9807763
9808210
9809406
9809426
9809861
9810246
9810273
9810513
9810913
9812012
9812276
9812849
9814500
9816237
9816556
9817162
9817377
9818447
9818644
9818807
9819689
9820182
9820292
9821060
9822935
9824330
9825219
9828703
9830066
9830338
9831292
9831368
9831486
9831980
9833534
9835593
9838391
9838484
9841437
9844033
9845306
9848369
9849561
9849645
9850348
9852271
9853398
9853490
9853870
9855529
9858642
9858757
9861420
9861668
9862318
9862530
9863048
9863499
9864413
9865813
9867869
9868128
9869493
9869574
9870910
9872390
9873212
9873518
9873877
9874857
9875809
9876777
9878076
9878144
9878740
9878817
9883247
9883507
9884158
9884569
9884847
9885041
9887216
9889119
9889132
9889320
9889563
9889662
9890078
9890389
9891954
9894473
9895388
9895428
9895514
9897848
9900281
9900594
9901083
9901087
9901750
9902321
9904236
9904791
9905768
9906405
9906717
9906967
9907822
9909550
9911504
9912709
9916501
9916650
9917799
9918310
9920711
9920940
9922976
9923929
9925514
9926329
9926436
9926736
9927160
9927378
9927661
9927875
9928394
9929389
9929717
9929801
9932676
9933241
9933584
9934897
9936261
9936965
9939358
9940292
9941934
9942041
9943216
9944181
9944197
9945100
9946311
9946637
9948774
9949630
9950314
9953268
9953378
9955199
9955513
9956103
9956327
9956525
9956540
9957429
9957528
9959505
9960570
9960575
9961602
9961712
9964553
9966049
9967233
9968147
9969438
9971002
9971601
9971916
9972187
9974655
9975211
9975684
9977420
9978655
9978897
9979314
9980161
9980823
9981648
9981864
9984110
9984952
9984986
9985340
9986214
9986679
9987337
9989204
9989324
9991427
9992123
9992925
9994193
9994769
9996839
9997045
9997092
9997282
9998077
9999212
