2672
7699
4107
3289
3476
7645
3742
8373
7711
5516
1488
3306
340
7539
7385
7702
5856
6316
607
7327
7963
91
4763
3818
4567
1947
1057
1376
3760
6032
6971
210
2347
5764
2835
3330
8642
4353
1570
6758
6274
5873
7843
6700
6996
6660
8459
6753
4729
8221
8955
1931
6318
2560
564
1964
6851
4714
8435
4229
5752
433
6506
2967
3793
5817
1632
7696
934
7313
2476
6117
8529
3134
1748
3501
7106
1652
3111
7814
4664
7515
6754
3334
4359
2289
8738
8457
4550
5980
4780
4730
1378
3200
1170
5248
6836
2207
734
7768
1540
2393
5565
1893
5375
4824
5263
5479
843
4969
8184
7616
6006
686
2814
5502
8999
2631
2443
6177
371
2645
5893
1904
2444
1060
5987
3919
1392
4171
2683
8233
539
1939
581
534
5341
7923
4790
8280
5648
1517
3202
8172
1081
1787
645
8499
3415
5293
4841
4196
3742
7914
152
2833
491
4560
1384
6401
8894
6156
872
8019
6050
2694
168
6181
3604
8498
4867
138
8100
2137
5994
1767
7643
2178
6553
7223
1071
4759
743
7195
931
5323
4798
7283
8830
6302
1100
6716
1674
577
3076
1030
1689
7990
7210
77
7579
2016
6929
5209
3684
4625
4902
5095
2903
6295
1413
2624
2815
4961
2488
7180
942
5100
4060
1052
8241
2117
3831
1119
4228
8243
3454
6827
6973
4324
7161
5672
6675
8245
2148
848
8655
5976
3547
3488
2171
2781
6533
5015
8898
8535
5035
8376
6766
8238
1911
4393
5097
3791
8128
4646
3950
4113
8680
7412
4075
6648
2396
676
1065
6490
4838
8796
3234
4783
4107
6087
1487
4104
5886
354
6933
3994
5650
6426
5324
3596
2181
6290
7707
8561
514
7864
5945
3480
3280
4178
3174
4957
2243
5693
8024
1324
3851
6505
3797
2954
492
5349
2798
238
5754
1270
401
1163
1528
1965
1315
2533
6290
4512
931
628
48
8349
4015
2570
8716
5459
7899
4483
3455
7981
29
1667
5369
2823
2479
8920
5271
5674
7482
4395
5013
866
8694
3872
4239
6697
8671
8440
443
3795
1006
5470
3191
917
523
4564
6208
2312
7578
226
3276
6466
2534
4434
3490
7559
6116
4830
2931
6034
3723
8559
7323
1758
1057
383
7788
4297
3277
2049
7068
5077
1978
257
5656
6689
2325
3608
7520
2826
6946
6253
2573
5704
1224
4227
3179
2092
1525
7441
3053
8597
8476
3074
1980
3250
3926
1961
2830
3522
4466
853
4494
5286
8120
378
6608
6119
628
7615
5323
6058
3085
6294
1869
913
6969
2753
2857
3137
4305
3938
5007
8879
3266
1931
2285
6719
4195
2402
6541
7072
1820
7159
1558
3156
723
3950
7827
5408
6495
6857
5616
3493
984
454
8262
5922
920
2708
5059
5873
8971
6080
43
937
7843
4209
624
5834
5339
7704
4253
423
3573
8494
5773
3185
5902
7915
1636
7230
7967
2864
7563
8967
8262
4917
2683
5405
3407
1968
7632
6540
2607
1949
137
8591
4516
6670
5873
5974
3937
2957
3575
4335
3635
8541
1341
2738
391
8716
2052
6273
8397
7858
1991
472
6868
148
1853
596
5890
7337
8667
6067
5242
3580
8782
8736
8662
6034
5889
1493
60
8492
5966
3326
2769
7709
5838
1255
3261
477
2462
7377
3976
842
407
8685
4693
8420
5684
1429
736
3112
5089
1325
3496
4522
1408
3439
710
5283
6388
7729
3919
6914
157
6193
8399
7621
5479
2147
8994
7245
8819
2085
2054
7557
4318
6819
1008
4226
2897
635
2363
1652
7934
2423
4124
4832
1652
3248
5683
3505
5319
2057
5421
5479
5668
32
1918
8314
7667
6564
4822
6945
340
2781
7565
432
630
7195
2787
1330
6782
7656
8684
5407
6213
8967
4165
7940
1363
6699
1956
2409
6786
1488
8895
2629
8032
8141
3565
2245
8032
8486
6514
6661
7802
4206
1430
4566
6854
3097
1496
3202
8257
7052
437
5217
175
14
5886
4381
4341
3338
1658
6938
2270
2032
8205
6175
4443
133
4562
2057
4155
162
157
1056
4640
720
4053
1103
2540
378
6160
6117
22
3801
3257
6647
232
1341
7317
5568
708
7916
8897
6130
1272
4065
4458
7610
7313
8287
8239
2597
4926
1262
3402
6244
8212
7041
1667
8133
7713
4180
2154
3888
320
4890
986
8160
3183
1416
3350
661
2204
7722
6827
5073
8032
2351
8740
4092
28
3308
2567
3705
8002
3672
726
507
632
7135
1032
7062
2519
7315
7271
4635
1693
5092
8250
1686
5758
4977
7024
8219
7033
4979
1624
8799
6877
1652
4267
7952
7911
5609
6793
655
6214
903
2552
882
5076
7733
4143
5993
8959
1174
3847
2175
7352
7170
3232
6706
4980
1940
357
3111
2816
3528
1430
4278
7742
595
3943
7863
7425
8395
7783
4001
4031
5981
6687
2508
2307
4308
3851
1486
2500
3142
3427
97
7165
7257
5989
2030
592
5692
8313
1170
4556
733
5063
6277
8781
7488
4979
1393
3274
2591
4107
6
6980
3865
1101
4162
598
7906
3067
7327
4372
6838
2075
1816
8372
294
923
2554
5705
2747
8636
2606
4482
206
594
5500
6915
4044
1056
6498
5704
5666
367
4463
7927
4316
2425
2732
997
2667
3900
6495
2618
692
2298
2599
5299
2670
4827
4409
6948
8111
2876
4142
5265
5033
3773
2540
5484
2241
8187
3794
6945
7465
3960
7190
1731
6710
6480
4304
4453
5990
4354
6588
3236
3738
8402
8955
7899
5568
1884
5091
7514
6468
4127
2026
6937
1131
3563
341
2554
3052
2435
4482
8861
1584
8786
5916
4968
5516
1051
3189
482
891
6441
6204
6631
6305
120
6582
6691
6667
3068
5769
6355
6158
2945
4780
8009
1965
5686
1465
4848
41
5495
336
6239
3582
5241
1263
1777
6353
1355
2837
6762
2205
551
1459
3753
4670
3150
1757
3854
3458
2192
8074
4318
4479
6434
7633
380
8871
3271
7472
3286
6164
2233
1627
5772
1808
152
4278
1836
19
7978
6511
4826
4521
5389
2670
2891
4003
2772
4785
2355
5569
2507
2734
864
778
3402
2059
2011
5744
2878
4205
1959
3861
4472
185
3617
2057
8443
2619
6827
1102
3053
7508
8502
8834
4245
1323
4121
7171
4296
2164
702
6120
5049
4101
227
5822
7912
8173
6702
6741
6107
8705
1624
3605
1605
8457
8060
5209
8990
4011
2909
2290
7451
1807
3940
3707
6039
4747
7791
4642
4850
4458
368
2552
7005
4851
3409
3514
7218
2608
8298
2217
6709
3306
8888
3617
1056
7319
1008
8255
5741
1391
6641
3474
3981
1544
5809
467
6845
385
7954
5997
7357
7365
3387
4620
6112
5048
5217
7267
4864
1841
7488
4907
2043
6152
4550
6355
1560
2217
4908
8983
6967
4881
8515
2902
6244
11
7497
1064
4608
2095
6735
4696
6927
2277
5055
8166
6464
7286
6967
2668
4145
3907
1741
4643
1144
4818
1475
8133
3172
8517
5636
4187
8288
3547
364
5189
3911
7162
7974
8854
3112
720
3523
2716
429
3541
3266
3996
8632
7597
6515
5347
6244
4672
940
7785
8674
310
2027
8687
86
7340
348
758
7454
990
4220
2994
2360
6078
704
8075
5651
2746
2892
6451
2490
2627
3081
30
2687
2379
7391
6898
4194
3275
580
2495
5976
8263
8304
2014
8435
6574
3086
6082
314
1016
7792
469
2999
8960
8110
5342
4098
7203
1192
2151
6361
7672
7687
5956
1909
2019
7853
2655
4843
8283
4523
7371
5944
2144
7072
1632
4332
7593
8659
3921
1162
6386
5825
4095
4535
5838
7504
107
53
6518
4031
3012
7649
7782
4568
893
1824
5383
7022
5716
588
5791
2458
3950
4450
596
4545
3373
8914
698
8651
3789
4124
2266
5159
8059
4686
4980
7556
631
6639
7226
6912
5421
3949
8339
1344
2366
568
6446
4053
8256
4463
4260
6380
6929
873
7675
5809
834
8200
304
276
7342
5663
8142
4222
5479
83
6593
6926
6351
1980
7680
1781
1183
2501
3405
8895
6070
3222
6460
6785
609
4219
16
516
5047
1146
6305
5979
3217
5071
801
1471
7584
4543
3721
3956
7091
3848
5716
2256
1355
7348
8716
5612
5578
2860
7652
6336
6151
5216
8655
8471
6304
217
774
3828
1354
75
2701
4516
318
7451
8369
2258
1237
6842
7303
5321
6839
5438
5698
3958
2597
2461
5418
1059
4863
243
7689
5216
3827
1473
1549
8968
2981
6770
4805
4301
1524
5742
5043
5634
8959
1735
437
165
6803
3993
5115
202
8584
2792
7924
6034
5543
7902
1156
3988
8009
4898
7930
6679
4883
8944
7030
1476
96
5963
4853
4742
4632
8196
2055
4533
3116
6100
1580
4675
323
1726
2932
4030
2611
5750
7043
3530
4246
623
2215
6460
6814
4292
6490
8377
1128
2574
824
8584
3366
3769
2714
5138
1783
7434
1242
5208
7341
7124
847
8221
4344
7244
316
4600
5791
6460
6132
5334
1642
1086
153
4710
2613
5086
2044
3142
8832
7134
1367
2520
1922
4499
4290
4719
7857
5846
8319
7324
1484
4139
2326
5752
2127
4680
8216
2076
5918
5072
5827
8387
7700
4648
8845
3149
1158
2076
2869
7181
6058
4936
7408
480
2580
5558
2598
2482
1757
7672
958
5023
4246
85
2179
5964
5251
5636
8359
1972
7436
1563
5540
4963
8448
299
432
7056
780
3311
7382
6588
8224
4756
3768
3102
670
4780
1591
2106
5021
5187
724
5702
2765
1856
1306
6963
2961
8407
8121
7955
1190
7028
7356
1305
2572
4175
4581
5583
4622
7686
5454
6364
1033
721
4270
6144
7188
7852
694
5763
8537
1696
3748
2731
8562
3873
1917
7907
4430
5963
3446
3586
4421
1586
7036
2311
7090
3302
8783
819
5000
746
3194
410
8868
5879
673
1062
2502
1387
7083
194
8965
4713
6439
5450
6801
8470
4858
5882
3934
4086
3602
569
5501
5653
283
1129
8485
5500
5323
1395
6633
3937
215
8592
4898
7149
7118
4316
3566
7901
6432
4396
417
9000
2381
432
2607
1469
3652
5077
2943
3841
4525
6427
7672
6458
3549
2867
7486
5055
2952
771
1856
8785
2785
5095
5535
586
797
8621
6401
7058
4775
6621
645
4171
4149
6655
6726
8492
3118
1827
8233
7385
7475
1713
6567
5020
4403
5549
6432
3588
3140
6240
871
4787
4299
8666
1163
110
3234
657
8410
7067
2337
5740
5248
3397
589
2333
8479
8549
4463
8025
1148
1376
6806
7395
3219
1730
2587
419
4783
6279
2257
7168
4597
4497
6250
3025
4895
1138
5419
7207
1369
4570
7528
5595
7376
8279
6751
3742
4410
5383
5886
1072
51
2901
6500
3629
6360
6574
7558
8851
6167
3339
5306
3720
6738
5243
400
5128
3835
1911
4901
105
6190
698
965
3412
4530
6933
2849
4898
3673
5493
3420
620
8387
7197
1670
511
7451
2708
2360
5188
4780
2921
1509
1586
8376
3114
6707
1547
1292
775
5025
6084
3177
8503
5970
2272
280
7738
7952
5139
2576
6870
7023
3591
7235
2090
220
1669
8128
257
2259
4323
671
1980
2344
1480
8388
6915
775
1738
7723
7620
8206
2798
5641
7779
5804
2853
2135
2680
3332
8713
3419
4922
6362
4481
1918
5495
2050
5384
1438
1972
1657
7289
2581
6067
4639
3289
5254
4074
5796
8985
2978
5998
2866
1005
45
1821
485
1861
2359
5749
1210
3510
3320
8909
5908
6036
1874
8480
4119
913
2637
2840
5848
2176
6732
3458
2675
8404
2636
574
1404
2730
8506
1418
2776
5390
7895
4386
1597
1427
2368
236
8428
4976
6872
1277
8505
6895
4619
8355
6926
6356
4758
1381
4913
4831
7391
7166
8525
6921
168
3051
5389
2331
5320
4820
1454
903
612
5338
8883
2765
1336
2773
639
3575
7179
6811
1638
3794
6477
1769
8598
460
1268
2394
4426
1254
4419
1823
5242
2331
1002
5437
2071
5975
6354
2725
3410
6443
4915
3608
7734
7828
5779
3232
8194
7578
1537
6718
6551
5066
8537
8156
85
3361
6622
4709
7179
391
1678
4155
7673
8674
6914
2159
161
7480
24
1876
3820
3883
2662
3403
1200
4884
4368
1755
2475
5887
7705
1494
5209
538
1513
659
1924
8936
2125
5612
2218
1635
7809
3986
1302
846
49
323
3659
270
5623
8813
3586
7971
4459
8336
5581
4323
4598
6495
2661
6596
2645
2070
3078
8993
5142
434
6483
3657
2180
8012
6517
7249
4166
1207
2006
3435
7115
6895
5993
8898
8311
8749
2728
366
4054
1818
249
1703
8185
8509
1090
721
8223
997
8990
8799
1107
4124
8618
5608
4424
8947
4316
305
5904
3458
4320
1641
8712
8622
575
4263
7672
2969
1031
7101
2176
1330
2213
8259
2159
8706
7086
5419
6645
671
8493
8834
768
1843
7470
7571
3605
366
7930
6309
6004
8640
5542
6388
8460
6933
809
3095
4218
1139
3778
265
2768
8148
2142
3781
3912
3487
7671
3987
4501
6168
4320
5065
2319
3273
6727
7427
2773
5688
5160
3386
8406
7122
1654
4252
1018
4314
2510
2728
5792
1663
4078
1380
69
1235
4643
8383
6337
5663
7038
329
8120
5334
3762
4034
3302
100
8041
1488
5225
24
1623
214
7003
2280
240
1615
3817
358
1033
2778
5448
2413
1963
3260
3223
6920
3984
2907
6018
4230
1011
6846
2645
6903
8687
5373
602
1937
577
7058
7739
2229
3094
5601
7189
4826
7803
4504
1453
3647
2600
7896
5360
1855
2022
2126
3983
1880
2355
6564
5126
8002
3160
3536
4951
145
8297
2737
6154
3918
3701
4653
3862
8630
4643
7771
4260
2206
7688
2452
47
4641
8591
2610
3066
4160
5483
6184
8589
4706
1741
3291
5539
220
8878
550
5490
7755
3235
8750
3359
7030
890
7135
7031
1435
7207
1579
5424
3276
600
8502
4394
69
454
2921
7960
5293
7644
8520
5038
3026
1805
7116
3266
7392
4241
2906
214
7143
5789
4601
1311
1200
6591
125
7528
7487
3538
41
2287
48
1019
3980
1241
1045
6700
4767
3563
772
5542
5813
5930
2796
7140
1711
5812
3681
6151
8714
1329
5615
4118
357
1468
2725
4295
3618
5558
5561
8783
2343
1058
380
2324
8565
7989
2235
925
52
8403
787
6505
2904
897
2989
1026
2849
4030
6184
2070
8590
4014
6092
1341
8858
1734
2472
5315
3660
31
8567
2417
370
2795
5332
7917
4033
1102
5361
2037
6348
8461
803
8272
669
1516
84
5911
4665
8770
4029
5418
4752
5495
2237
8078
7916
7969
8008
5387
1929
8803
7640
8498
6660
7347
8665
6995
5506
8134
6583
2789
4386
394
2197
1578
753
6308
6475
6812
763
7178
6473
7527
4106
4482
402
5842
3671
8534
2345
7985
4244
5253
2289
1415
8830
1923
2140
262
3910
3767
2952
4836
7477
2914
8113
4531
5324
4612
5786
8082
1973
2794
5360
2263
6380
7244
2516
3145
3012
5528
1129
2317
970
3516
1918
6501
7862
8630
183
4344
8801
4232
5833
8454
8859
5336
2981
7221
3608
3827
2284
6092
612
5208
3609
3907
8016
1085
3927
137
8860
2253
8356
3956
4927
4243
2684
8586
6509
759
6032
6126
2455
4666
7192
4789
2881
3691
5271
8679
827
7690
4163
5134
5518
5890
2109
3770
4129
7360
1193
2857
1855
6718
4656
4889
1312
2456
156
4350
2232
7526
2490
6148
121
1150
5909
6153
4369
240
7979
367
6576
556
3283
4555
7501
6315
4542
151
5563
3344
4770
1441
8421
6317
2558
5219
6488
6239
3573
508
6315
7174
8109
8530
8899
3060
744
3624
229
7608
1831
7440
5030
2090
142
3948
5017
3579
2043
1191
2548
2777
2287
49
255
2769
6388
6018
2
8114
7176
6696
5416
2239
1434
4269
8416
1176
3857
4920
3196
8548
7654
5073
4214
791
5464
4490
5984
5045
5770
6451
176
5479
3494
836
6243
8419
2045
3022
1045
2389
4512
3503
703
5868
3005
8473
6728
8349
2713
1223
2236
2321
156
5293
3209
2832
7201
1708
3906
447
6030
4220
3584
2135
4811
4336
3952
4809
5791
700
1916
4114
7438
4033
1646
4271
6550
4402
2118
3182
272
4544
2730
6205
1016
6898
1666
8373
7571
1700
5093
8256
1098
4255
8305
1952
3503
7163
852
1934
1131
7729
7651
8316
3782
2353
8094
2716
8836
8696
6932
8777
4963
777
5821
7612
1084
1868
3967
3963
7238
5445
6483
2534
7925
1424
4941
954
8185
2013
3815
3853
4589
3753
1873
3965
8459
2195
3741
5543
5329
479
6373
6571
5879
726
55
5285
2148
6460
5538
3384
2932
2009
2943
858
4938
2266
4517
8031
2715
754
8035
6782
4565
195
5971
7229
6555
1217
171
2613
7671
3290
8084
5479
104
3470
4590
4785
835
4316
7891
3116
7436
1723
5595
8622
4563
3898
8875
6654
8849
1289
7440
2364
150
7551
7175
1152
8281
7348
3942
6441
1153
6433
731
8890
7999
7522
3019
1795
4611
8033
5091
2004
4044
1559
5894
7738
2312
833
1816
7820
895
8322
6270
547
8223
4734
4975
8572
5116
6332
4120
8073
1610
8786
6311
1560
6683
7167
5651
2960
7059
1999
1391
4129
2679
3588
4581
3182
2248
7961
5661
4770
7287
4441
5511
6450
7531
297
1365
3755
3536
3838
3094
6396
7402
1299
3857
4370
3305
2439
3476
8248
578
460
1954
1440
7737
6510
3234
971
4259
4381
1217
236
8767
8844
3757
506
2652
6819
6795
1709
8988
1763
3446
7700
412
3403
2369
2559
1044
2239
7536
5853
871
5707
527
4313
1949
7655
5154
2402
282
7720
8045
1284
6036
3686
1588
2011
691
2468
4399
5643
8360
2031
5973
7184
5900
423
2926
8782
5918
115
94
4333
4629
3397
6501
3019
3598
4173
723
7809
4944
159
6201
8925
6041
2651
4207
8015
121
1417
1365
4137
1185
283
7785
5341
3926
1594
358
5778
3927
6621
5704
8421
1238
5833
3549
8884
5976
8356
124
3410
7346
791
5056
1626
1535
6849
5954
5009
6599
6317
8381
1836
6294
7907
3708
2257
276
7325
5590
6496
5348
6117
4626
1190
8984
8584
7411
3728
1412
4980
8692
4122
4170
6426
3637
2037
498
6111
8840
5309
6995
8171
3246
5496
1778
4265
6598
4226
2339
1729
959
4569
8387
4155
5858
8913
7033
6904
2681
4562
8086
2723
2399
4657
3525
6901
7522
781
3620
4478
8676
5070
8759
2342
3684
1843
7250
5060
3244
5463
2782
6197
6684
7272
7437
2190
3844
4519
4342
7490
3532
6828
2675
1157
1781
7004
8138
7354
5348
3242
5480
5144
5288
6875
2097
8948
2230
8204
8412
6351
85
4783
6074
1138
7251
5854
7461
8999
6060
7601
6641
2176
6331
6656
1281
5524
231
5109
2854
633
7933
4089
3322
8559
3705
2204
5420
3005
1017
368
7812
7734
879
404
3911
5783
5921
4542
8336
5433
7891
680
7968
6291
5260
5959
4496
7455
6791
10
8516
4025
7462
6706
4412
3087
6301
2375
7049
5739
1563
6389
281
3623
5056
7765
4083
1550
3509
3780
7196
2561
556
4301
19
4373
7192
3601
2777
7101
8698
3053
7233
2324
8463
241
4452
7521
7712
5353
3523
1487
8603
5446
2351
6262
8299
4095
317
1690
7075
2559
4140
7785
2444
7056
8209
4508
8274
5208
2338
1785
753
648
6373
3205
6935
1561
2983
1261
103
4660
8530
4111
2023
5894
1604
4664
5191
4852
5730
464
8347
7700
896
7234
7042
1773
7128
3727
6151
2314
4968
1598
2478
5661
8554
1402
8315
2413
3388
2517
8648
4303
4459
114
8227
6093
176
7305
3374
1458
7178
4034
2209
4830
4982
5834
7202
7086
2487
4134
5097
6513
4158
4875
8146
8757
6850
650
8288
3042
857
1821
3152
3794
8957
6975
1667
5437
4023
731
1710
8294
7088
4982
7163
6566
1024
7089
46
7240
4037
483
6704
3192
995
5234
190
4299
2652
6105
4243
6180
8981
6343
8730
2986
3077
6398
2577
910
8157
86
4862
3874
6279
7342
5130
177
791
1485
8037
3570
8457
378
8840
3019
1248
5505
5274
1848
5616
6946
6040
6360
1709
1112
2060
6712
3272
3900
8696
1356
3929
1237
4757
4968
5637
427
1397
6870
3445
5541
4180
7083
2817
575
3362
260
7751
4513
1412
8716
2674
7452
901
6233
1420
5929
4771
7823
3757
2787
5000
4461
5470
2273
6747
7466
2313
2180
2212
7869
2858
2526
4840
5796
4511
5066
2020
1979
472
1838
2183
7389
1998
8060
971
1222
1328
3856
6540
6951
3846
6738
5293
6168
5090
6663
101
1270
5709
5036
2413
6490
5144
4140
4299
6707
8440
7548
6882
6550
4936
3903
2324
7058
8952
4133
7060
371
3078
8013
5836
415
344
7961
5605
6836
6275
8602
494
5321
2910
8041
733
2275
8605
4230
8276
1603
5748
936
7488
6149
2245
5870
8344
1350
583
1186
8879
7505
5598
2290
7729
6298
1262
1519
3943
8003
2891
5537
8808
4736
886
8701
3919
4680
5606
7254
2305
6090
2813
3856
6164
4472
6591
1622
8762
8925
2511
8058
4531
3248
2679
6522
2061
3226
8978
1976
70
2499
1548
2199
2495
7775
3391
5485
2120
5999
3864
8493
7736
6780
296
751
1071
5288
5709
4432
2266
4945
5163
6525
1344
7130
8698
33
5802
3542
5659
4618
575
4599
6166
824
7257
6388
7095
5550
3704
7939
3051
7089
2490
8113
3786
1381
7457
5083
8513
3313
4227
5816
7335
7176
4338
4063
3794
489
4892
8620
238
3288
3868
8721
7505
7656
6973
5961
8285
2001
2706
7433
3414
7329
336
2579
1918
6000
209
8107
3224
8452
4656
1963
105
6000
8769
3873
4797
699
893
310
5099
5557
2696
8121
1687
795
634
5023
6976
20
5208
5083
2001
7451
2431
2549
2431
4665
6706
2237
6713
356
4493
4769
1213
7774
3846
2610
2608
441
6532
2044
1271
6436
5336
4699
6698
8523
7781
5393
76
5487
4538
5078
2939
2681
7534
2130
6955
3152
2738
856
8941
864
5152
8477
6381
2860
8759
4704
1121
2765
7388
6296
6778
2103
7558
6648
3005
7025
311
4415
5993
3339
4902
4488
3296
5340
5956
8806
930
6448
7976
8568
3963
8652
7064
4499
1842
7744
6666
8799
220
7983
3710
2262
5722
1248
7938
1166
614
8277
3862
1394
7297
305
3750
4803
3842
3648
6502
5267
8582
6680
1526
1539
5634
1341
6622
8768
4216
5275
7945
8815
8674
5080
2926
954
7087
7336
469
3577
2196
7587
3798
8489
8073
136
2178
3506
2488
8762
827
6036
3598
5543
828
3430
7561
4619
255
4893
4696
7830
5578
1283
1934
4468
3611
8800
5648
6324
8940
1472
8696
6907
8587
5440
913
7749
1682
5048
8392
5596
5656
6094
567
8497
4042
7721
3387
8639
7487
753
1675
1788
5934
7911
8075
7112
7388
1068
1130
5247
305
3735
5638
7263
7785
7111
414
7777
7179
4203
5002
1861
371
5693
350
5811
2120
2881
7874
2795
2331
4406
3696
3495
967
705
1491
1063
2001
4200
2755
7415
5899
7924
2712
5467
5929
3976
7354
1213
2403
1114
3299
6386
8901
1665
2526
6331
8310
7309
1448
3087
3856
4125
77
4131
4620
948
4280
798
3580
4960
6897
4367
8639
8465
2644
7899
7108
8740
5320
5830
3912
4427
2053
7118
474
3686
397
8983
1788
3837
5924
7199
3584
5832
7732
8171
5588
5044
4926
2220
4120
3701
1706
3830
6001
8936
2640
2555
5498
7081
4984
205
4063
3287
2460
3043
5104
7753
4070
2955
6042
3510
8075
4589
6557
7617
2053
7474
5060
2676
6454
2072
5069
8285
904
6524
116
8278
3537
4078
528
5494
8642
5955
4570
5939
6586
743
1165
776
6497
1844
4632
8406
1312
1211
6334
3977
2933
8698
2944
446
6252
6904
6441
3184
4678
8118
8119
564
452
2888
8745
4000
1784
1767
5390
3468
7304
1028
3704
2959
1303
1888
7141
5261
3106
1420
8923
5547
4629
8870
2520
2294
1013
1088
3184
5606
1696
7879
3058
496
561
2639
8400
8333
7103
5345
3050
7600
743
1476
1989
696
3959
496
248
4654
5631
4150
5001
6571
6751
3419
4727
7745
7068
6691
4077
6400
8937
6899
4336
2392
6015
8974
2936
725
4313
8697
7061
459
4368
4093
4720
7869
8906
3570
5472
3447
5333
7968
3119
344
377
54
7718
3873
8033
5386
2254
8275
3602
5906
7786
2832
639
1616
2251
5889
5947
5681
4808
7057
2751
4420
6427
97
5734
4931
8161
5270
3438
6326
1326
6752
86
6232
3022
3983
8692
2890
7270
4395
6385
8170
5175
4818
5280
4996
1300
8330
1269
5598
75
8607
555
719
7548
2870
8512
3118
276
640
8382
4533
5113
5238
3380
3212
6407
7195
4299
8124
4476
7680
5581
7212
3220
4377
4368
4077
5750
3437
2756
3755
3715
5825
1948
5212
4106
6573
2714
562
166
7722
6637
8841
369
6660
8122
406
1882
1289
490
8067
1724
6983
2298
1823
7518
689
309
841
5785
2553
7579
1240
4780
428
4348
2076
536
758
5509
3694
2119
8034
7771
188
5956
3152
7523
4233
8784
4694
814
1830
6497
4415
3576
8768
5205
5875
1340
1344
8022
956
111
5202
5874
3789
6293
8104
5038
3752
6908
558
3993
209
4425
6413
2764
4360
1182
2014
1742
6505
4409
5738
890
4818
5800
5082
7030
2285
779
1477
1661
283
2162
4469
5674
7138
5826
5502
1604
3149
7184
621
4837
6387
8969
5761
8736
8247
40
1179
3545
8485
5550
7306
4508
4512
6052
2405
4479
2575
8219
8014
7267
4705
3744
742
3659
2935
6957
6266
4168
1580
7488
4721
5431
1789
8033
3470
3056
1969
2949
1241
8573
294
8763
7400
5012
3122
2352
2736
2501
6281
8193
2871
1986
2639
3234
8099
7906
6712
2691
8958
1822
3671
6581
2330
8429
6855
8599
1125
4878
1503
5218
4294
228
644
8599
4589
7631
422
7938
6569
2107
2648
5900
5286
1768
5139
4900
110
2735
130
7213
3763
2115
4562
4048
8984
2067
3431
205
1123
3320
3662
1720
3037
3634
4400
6199
4819
6127
1990
4606
551
555
7872
940
3043
674
626
3607
7168
2403
7250
1273
8517
5866
547
4883
1771
7993
1653
7144
7769
3774
8539
1603
8429
8651
1660
5846
1971
6707
5704
692
499
8973
3468
1918
3471
555
4875
3324
2334
7614
665
5995
7477
5170
1008
1584
8451
8401
6105
8118
6396
8487
6753
5394
8483
3655
4282
419
2390
5800
7503
881
7211
4500
6812
8227
8722
6690
2851
4680
3877
7448
5411
6254
5974
541
6981
2200
7508
6222
1947
6195
2070
1870
4404
874
3165
1720
2914
3186
2199
8035
5973
2440
2128
6234
2181
8209
2039
1434
5686
8376
4255
5209
7277
1323
3249
3390
732
5442
5513
588
3185
8767
720
3606
4660
2285
8218
7734
8304
2504
6613
2977
4522
6388
2214
3953
5008
2417
4798
3462
5604
5351
1668
1866
5628
5158
2146
7169
2141
4485
3207
4652
3346
1369
8668
5707
1388
960
3435
2596
4782
4778
780
2283
8770
2231
6460
2711
2633
2999
7691
1163
995
962
6428
886
8876
3086
3989
8074
7024
8754
727
3369
7022
7477
506
837
4936
6405
1980
70
1899
3811
4714
542
1026
447
7376
3596
3017
1507
3674
7189
507
1325
3991
630
6301
2014
8949
1820
3728
2449
4988
5203
790
1737
1727
7678
8419
4870
8126
5365
7501
7414
5120
2216
5726
6279
6118
4822
8565
2411
8283
2205
451
4646
6059
5040
278
3179
4920
4293
7746
4860
3211
2099
8211
2329
3238
3711
1784
8180
2910
6907
8008
7669
3803
4236
3811
4891
8512
8679
1334
5126
4269
4434
2735
8154
8403
8826
151
8745
7673
7708
7814
8233
1545
1947
2576
1997
6270
3560
5661
3385
8758
5920
147
8729
2574
4403
3285
6797
2504
8423
2146
1464
7328
4556
7525
6589
7975
5021
5350
4235
4131
1947
4632
1834
1226
7130
1902
8596
8347
7805
3866
1436
5557
7505
8455
4092
7795
7201
8097
6086
2953
4821
1083
595
1557
6497
5754
2616
5434
7817
5702
1108
602
1072
7073
18
8199
1316
2990
8577
5106
6140
1597
7308
6695
4563
7658
2464
3722
5914
6639
8536
5905
4180
7038
5045
7313
1621
2736
6140
4255
2971
6698
2784
8696
6688
551
1213
7904
2775
1545
4445
5355
5208
7938
1763
402
3961
4518
1619
4511
2707
6245
2482
6589
276
4273
8852
4991
147
2602
550
5762
5739
7371
4863
919
4498
638
7684
3649
1460
2372
4962
6625
8815
3813
1728
778
248
3345
966
2644
4200
2739
1595
2275
2724
4985
7161
5205
4502
471
4034
871
3509
5579
7279
5464
8674
4548
4481
7658
8130
6896
2441
8618
2472
7941
1001
3391
8637
4244
8361
8668
5546
2697
6180
3321
361
4875
2947
983
5905
8400
6371
5595
8238
156
4835
2311
8408
6975
492
540
368
7506
7824
4281
8608
7442
8256
2096
6737
4894
5024
7265
5285
4198
898
4953
1366
4752
3091
7749
6425
5763
2396
857
8127
6510
8051
4260
3898
7596
984
3609
6435
4361
667
6427
470
7172
1160
3272
4720
6212
2806
1788
8036
2000
1824
13
7208
2326
3190
767
8376
3795
7493
944
3751
7617
3753
3598
8679
2619
2797
7574
1311
8504
7444
3536
2846
81
8113
6668
4014
3463
1843
1475
6878
3717
5619
92
97
6441
5333
4477
5071
2335
8930
800
3707
2483
3358
5352
2512
3492
7397
885
7565
2903
1920
3939
2058
2500
3786
6477
8323
5417
899
8280
2678
6330
4937
7961
1930
1281
424
5997
5731
3076
7502
4008
6148
3690
1818
2618
8993
144
7733
8242
7835
3784
213
2980
5352
4123
979
1751
3295
5134
8841
812
8607
5208
1518
971
3082
4945
7661
2688
8104
6809
5910
1643
5435
49
4681
70
6780
172
1185
2470
7503
4683
4354
8989
4133
5851
6419
6711
2702
5366
492
2517
6788
2322
6128
2528
2130
90
3519
7107
2827
1394
95
3226
7853
3464
4368
545
7405
6291
4397
7761
3459
3358
4599
5264
3863
2030
1001
8422
6736
179
2505
6016
8722
2870
7482
4633
4595
6139
3284
3024
3881
7300
3598
7299
1183
369
6576
5102
2740
559
2215
6608
3198
450
8076
7073
2371
283
7843
5721
8983
4120
145
2467
7502
1650
3501
2839
3689
7933
6417
6871
3662
4694
4303
7139
4149
7166
83
3550
1655
6674
2170
6477
2193
871
892
7474
2876
6102
477
4804
778
6925
2824
2682
4618
1777
7581
6056
8765
6734
421
8708
7955
5068
4650
3936
2470
7780
5294
8919
738
582
4120
5497
7369
8405
8245
2530
5670
7722
8880
5152
8593
1928
3247
8452
7572
8493
1702
4271
7835
1888
4909
7012
800
5171
107
2726
4231
5535
1070
288
6154
8160
3841
275
1353
5157
1142
5556
1752
5630
8923
5133
3644
2264
3340
7758
718
7330
8036
3367
8326
2298
7460
5882
6929
481
7157
7564
4693
6409
5670
6210
4490
8733
7703
4974
1968
6568
5168
6573
7710
2179
932
512
4980
6585
5132
7811
1247
450
5813
3229
4580
5902
3868
2227
1602
1552
4343
513
1070
1714
6706
4976
610
3554
802
6266
7968
4326
7759
8746
3022
1702
7106
3641
385
1850
1350
2905
8225
1592
8166
7729
1298
1601
84
7439
3002
896
2731
4089
2336
1378
6206
3371
7604
5554
5599
627
1732
5952
7630
3746
2576
4765
6513
2298
7541
7648
6345
773
5354
6051
2509
1208
3839
1240
4564
5271
2180
8518
2625
2268
5190
1457
4951
8142
2243
7292
5394
6256
2884
8996
7389
860
8073
6805
7494
5101
2275
2712
2884
8024
7221
1694
4161
3021
4169
8545
497
1670
6332
6013
5270
8791
5362
6238
8827
725
3108
3881
6140
1506
4707
5781
3466
257
3375
5708
5110
8088
3204
5927
1339
7925
4920
7321
7189
125
8087
2031
4112
2339
3357
1485
688
4895
4757
6744
3030
6973
3316
3569
6865
2830
4838
4008
8806
3030
3640
5693
4608
4665
7113
1327
1570
5879
2930
5664
1760
7801
2012
1487
3852
995
2601
6021
6833
4344
3470
3689
820
443
7168
808
1011
2044
8822
2653
8871
8458
8407
8770
8956
2039
5612
2752
7130
7400
2666
1008
6108
6479
697
2720
2538
3410
7703
1155
2621
8363
4957
2951
3424
5995
5261
6432
3739
4735
3542
5327
4773
8333
6583
4692
7322
4850
6578
318
273
6760
702
8389
8006
5567
4349
5377
2048
7062
1099
7731
8512
4980
8500
1718
5206
2556
3534
5900
8556
87
5818
5711
6314
6333
2768
2906
741
525
6212
5027
4072
7137
3113
5287
5105
2459
431
8734
6349
2688
7595
4560
3508
4466
743
6924
2710
1199
8925
5148
4905
230
5700
7122
1450
7905
513
5228
7854
155
4583
4421
822
2483
8170
5389
820
8424
6505
7408
6003
2034
7002
881
3299
4657
6872
1145
8528
4315
3270
2084
4397
619
8957
343
322
7134
759
4332
7415
4970
2479
4782
6705
3412
2399
6928
3396
4665
5134
1923
6576
3239
8951
5309
2694
2112
8358
2132
823
5852
4335
7004
3425
4307
5328
4094
4250
6138
5541
5932
915
8661
2386
4865
1384
61
5548
2694
5915
5743
3371
5337
8701
1011
3944
3486
1159
2472
6860
529
788
3286
2265
7045
2488
1056
4081
5439
94
6097
2944
158
3568
1831
8189
3581
8060
1680
6511
5345
4371
1720
5310
4117
1347
864
2103
6357
2757
5117
4686
7659
6943
5980
5767
722
3177
3546
5291
2460
4569
7559
5053
5670
1723
6202
7670
3831
652
4222
1421
8249
8245
4432
701
3258
8401
3015
4318
1335
4807
360
5103
1794
4208
8847
6691
6385
1202
8403
73
3039
6396
1352
7910
4153
2129
3191
3029
2646
6383
4555
6581
4671
5181
6295
8153
7864
3856
2257
6932
1294
3758
1797
764
2026
8994
6044
5045
7745
4739
4842
8440
4471
870
194
532
2282
6472
5415
1362
2750
4023
7886
8592
1772
3406
2908
779
7521
2225
3859
5825
8477
1547
4828
704
6435
4901
4505
5196
4237
7438
2643
4626
6059
2356
4719
4389
633
192
2229
3847
113
785
5898
4203
7823
6057
8392
1360
1265
6795
4840
7568
6404
1874
1999
5048
4380
6371
8717
5231
1002
7179
1266
7376
1676
2492
8563
5801
8795
6744
1640
274
110
703
7899
5480
4736
5794
7776
5878
5221
718
8286
3095
1039
8530
8085
6319
766
1015
1865
4669
2720
786
2004
7809
1723
4758
4149
5206
1463
4456
545
6121
4112
7414
3046
3695
3093
967
2028
5011
5892
8390
1262
8488
8770
8339
4367
2520
422
5676
2046
8094
8231
4257
6107
2943
5740
8439
3642
6267
7896
3209
8871
5380
463
1794
1109
8772
4743
7030
6528
8540
7959
6939
8978
4637
6716
2542
1890
7310
6488
620
4138
970
2724
5803
1903
2504
8985
8598
5080
7843
1196
782
1780
5934
1193
836
8888
4055
5706
2040
2573
6847
5934
1492
8490
6197
3172
5711
6736
4455
1920
840
2093
3976
3694
7325
3101
912
7138
569
7365
8878
6243
1604
4590
8764
5549
4701
5510
87
1938
7314
2590
351
8663
5951
564
8729
8229
240
1918
8003
7782
342
6052
3201
7268
2591
3558
2387
4424
3388
2310
1162
3678
1828
915
4887
7551
5940
1525
1719
8912
7258
5061
7823
8328
4775
7134
4964
2389
4779
3624
184
2314
6929
2687
7600
6849
3869
7754
4087
8193
5687
1236
4920
7291
3474
4533
7558
6481
4251
5028
1093
517
8378
1501
2941
4770
1939
8257
5099
5357
5656
2206
7524
6868
3666
8195
1227
8351
1786
3863
8109
3743
3146
8153
7530
8393
8328
4539
899
1080
3253
6574
4055
3042
8740
7466
5262
6607
6227
6050
889
127
1661
1216
2872
1528
7166
5366
8574
7689
4490
3254
3690
728
6913
5735
6924
1503
644
4713
576
8767
1995
7738
1643
3022
1661
5278
1579
4974
348
8788
6787
5832
5406
3480
1798
2749
4965
3206
103
6383
2895
2704
8402
2479
8263
4427
2247
4616
6382
367
1203
3622
3449
3457
1109
1648
2147
4148
8978
8067
7328
3746
2857
3861
3672
663
3094
2501
831
2194
2444
3868
8053
5725
5684
6243
2173
7249
1108
1584
510
7099
3152
2640
5648
6609
6098
2877
2855
8717
3980
3817
7873
1774
6864
6885
2053
8342
8196
3176
1606
6918
6470
1705
2123
4693
4902
8168
5126
4043
3563
376
5797
5856
4979
4713
3216
1201
8274
8121
1856
7646
3788
1472
8145
7162
2452
621
5315
5443
7773
362
5825
3551
5089
1669
3631
506
7424
6876
930
2998
1345
8106
652
957
2107
5175
3268
1843
3666
4852
866
8271
7891
8943
5762
281
1237
271
1146
3874
4396
2064
3393
3837
7343
7829
2196
8129
8329
1469
1636
8356
4583
1990
2358
5971
6057
7712
4414
2723
1767
5089
4602
376
6148
8203
8333
1904
2031
7410
883
580
4332
7662
726
7957
466
5649
5587
3591
8268
5377
4992
3368
339
3161
7477
2340
7533
5832
4138
8903
7938
2562
8526
6077
2277
8149
5583
5266
5242
6548
6885
4952
997
4110
7934
5825
5867
3545
5599
6429
7213
3612
4525
5983
2012
2499
5771
1544
7338
8254
8396
2057
7366
7989
879
6838
1307
6775
7684
7374
7156
4184
2406
6264
3396
493
6880
4963
6246
5875
4032
4007
4668
3983
8913
8853
2925
6415
3372
77
662
312
1539
4948
3301
6844
2126
3632
6366
6974
1731
7700
1184
5206
6841
2030
4630
77
3718
5324
3243
1864
6312
1992
2751
5309
7288
5201
5104
8463
5775
8459
4454
5570
7796
7396
878
7424
6949
5380
355
1086
5899
4475
8025
49
5522
2375
8170
23
1214
2477
4138
2898
5885
5016
4713
394
508
5867
1012
4041
7885
8329
1473
8659
5507
6396
5157
6081
4757
6884
5856
4032
2483
1447
3940
6499
3410
2650
1494
226
1123
1037
1242
8378
5255
4826
7984
2812
574
5527
8601
7553
5809
4407
7553
3024
4852
8319
1801
5630
7911
3072
5073
6977
7981
2202
6926
2718
5771
8407
5311
2027
1366
4920
292
7478
505
6054
3399
3046
5900
4652
2563
2858
6007
1715
5192
1195
4426
6243
3605
8394
5812
6379
3903
6980
1755
6252
1225
5095
2936
7145
4417
2353
1786
7067
937
4756
8457
5752
397
85
222
761
21
8576
2357
8311
6301
4583
1127
1995
8289
5626
2110
1053
4585
8919
1910
2738
919
398
7993
6882
7294
1571
4172
5274
8985
3343
7296
5874
5594
8986
4659
8904
41
7862
2484
4752
6993
2281
1771
4542
1744
4996
855
7154
4274
6922
8324
3979
1093
6040
8768
695
1950
3642
5486
7968
4494
2375
7609
2617
5815
2808
7379
100
469
6808
8597
8444
5949
3135
1572
2535
977
7994
2422
2764
4987
7785
461
3756
7286
6180
282
2111
545
4667
4296
7996
7293
3120
4009
7650
5277
3095
5573
1585
2177
6429
4970
2044
5721
4593
2937
3738
7534
8040
3090
520
711
3698
2228
5651
5891
7957
7950
2862
3965
8995
6253
8658
4454
1861
4928
1137
256
620
5189
6961
5789
8532
3200
5933
5756
4682
3868
2242
474
1337
2426
5886
2238
7579
6686
4210
948
3240
511
7888
2141
637
862
5983
1192
8512
5151
5538
4955
1705
2186
7574
3866
5497
2646
5571
5329
1514
96
864
7107
2936
1373
4610
5325
8553
3347
4921
8165
3545
2128
4446
3138
3966
8248
7067
7249
2662
6650
3333
3416
970
6484
6133
3015
839
7774
8886
2899
3238
5298
4286
1522
7327
5587
4064
4435
7037
5055
3065
8720
3061
231
1830
8569
3336
7933
567
3772
2267
4950
5374
3573
4102
495
5512
8696
1490
8400
6755
132
6212
5034
6149
1221
1225
2123
5379
8943
3797
4896
4369
3057
6774
5106
2296
4942
6931
50
5819
7227
4281
5690
1330
5530
5333
3978
1966
414
4512
7846
5698
4861
3385
4413
8101
1348
4792
3791
3499
3306
8090
2055
5274
5947
8050
4822
5762
8263
654
2206
877
2646
8975
3966
7346
4313
3138
849
1668
272
3676
7765
4417
4933
1294
6873
423
1118
2176
1537
6498
7577
633
5501
7798
4947
5589
4762
742
2824
3590
8122
6626
1031
1694
891
4924
3029
1190
553
2616
8155
4516
7760
3474
5075
6006
8348
5506
3157
7966
5117
3835
76
3915
1417
4289
6487
240
135
1618
5441
4082
2351
5010
3269
4758
6127
6709
6370
6577
731
4950
1598
916
6960
60
5092
4287
8252
4104
3008
8915
8535
313
7288
8738
6964
77
1544
6859
1469
7478
6248
8018
6145
8558
2272
8582
914
418
2767
6793
7410
5606
1014
4934
1129
7334
6808
7462
8961
218
321
3510
4993
6268
3482
3736
4785
3058
947
3970
5687
5174
8023
395
5397
508
2196
8189
3540
5650
2806
1924
176
3743
118
6650
5584
7569
659
3693
2535
132
5761
8427
5081
3041
3501
187
908
3163
7293
8335
7002
2211
6014
3939
2474
8063
8169
2357
7865
8934
1202
7854
7873
411
1154
7092
6410
5693
5587
3230
5188
3700
6684
7717
4150
4283
8602
5789
6625
8779
6014
7012
3483
8760
4553
1972
7011
5911
5287
6027
7793
5584
986
7445
5233
2627
6353
882
559
4223
2275
5736
2431
5109
8612
1551
7983
6598
2820
6165
2605
3869
4837
5330
6208
3852
3447
1177
185
4456
3634
1121
4802
258
7816
1114
8154
7822
2447
4308
3795
3217
419
3206
1198
705
8913
772
5770
2240
1247
8585
1429
6564
914
3039
5017
7558
3212
303
1268
2087
8723
5634
8833
2150
486
8536
1367
360
6378
4799
5118
168
2550
5684
1122
1471
2441
4248
2992
3043
1543
8039
2605
810
2758
6868
8733
8873
3740
4452
2112
3385
826
3896
6232
256
5105
2213
2474
573
1272
3901
6678
6756
7806
5722
3692
8425
7060
8978
5806
140
4766
600
1021
8011
7505
380
5040
7105
3304
4824
1368
700
6511
3264
1496
1875
7561
5404
5035
227
7339
3335
860
5622
4358
1629
7238
6773
174
4340
6311
5087
785
7360
5684
7743
6770
4890
3120
3657
3774
5535
4364
1113
2678
5523
306
1881
8500
2452
2186
781
366
2284
2265
4670
1794
5676
8269
227
1731
1935
8578
3076
5078
3711
425
7504
1513
5094
7628
6951
850
7939
6801
4378
5989
8841
7998
3035
4841
3679
2568
5568
2963
449
7602
1723
1252
4903
8759
6320
586
7246
4636
5178
4904
5107
8877
376
5903
6741
6463
6099
5468
5700
1967
3432
7854
4415
3160
3002
1215
1892
4077
63
4679
6254
6664
4771
7511
4607
8062
6597
6068
8273
8608
3161
895
7505
4689
6493
6349
3968
637
550
7305
7701
3371
6570
4284
6178
2947
4179
5882
644
7769
5365
915
2947
6595
930
5850
4749
6744
1134
4720
1609
4390
5189
8342
8961
3660
1462
7042
2186
409
97
5751
4006
1789
2983
3365
7935
3853
8081
8898
1077
2471
8797
3065
6813
734
1051
5015
223
7784
128
1604
2725
390
4082
5878
5967
2501
4915
2397
6657
4813
1514
7074
1963
8113
7256
1429
6131
4882
2449
1109
8809
913
6618
1260
3988
5382
912
6862
7506
6884
6144
4464
598
30
8904
6564
815
4511
3373
4893
6794
5841
8210
6915
4829
8037
6802
2085
1014
8705
6975
7445
2167
4627
1797
4026
4146
8766
1882
8240
1984
8781
8321
3948
1548
4664
6268
6346
4986
3629
84
4240
4466
1889
7933
6872
2528
7686
7142
3272
3960
2922
856
8741
5994
1405
7839
2409
100
8303
6301
7396
1997
5077
661
8986
4078
6263
1645
7898
7043
5095
8264
8703
762
5203
3005
4512
1186
7817
8441
4255
6786
477
5094
331
6382
1233
2894
3225
1627
3424
8765
4954
8473
6466
5831
7016
8240
6392
3473
4873
8172
8404
4053
6838
7499
1531
8510
7252
749
359
7528
2386
6210
4338
723
6370
6757
4257
529
7816
1657
7054
6881
49
1319
7445
8628
7863
594
2545
2413
8681
6606
8197
7731
4182
6616
4295
1556
6048
8434
7837
2328
3724
5051
1030
556
684
1453
8109
5804
6562
1956
3971
3733
8825
1402
778
787
3022
4731
972
5140
7255
7394
1778
5740
6575
7977
3193
4383
4704
2391
5058
2659
8164
2760
850
306
7281
2374
1919
5817
5071
7784
3649
7174
3288
2986
8712
7288
284
2611
233
3219
467
4292
2451
3532
4429
5015
5572
4442
7390
5200
1541
6839
4946
2962
4807
4216
8231
2584
3618
7954
1843
8246
8506
8461
2313
190
128
2462
6714
3333
6695
4216
2278
8064
8226
2670
6324
8753
5391
536
3450
6417
8976
7649
7090
7042
3266
7231
944
7148
9
1239
6800
3505
4508
1281
8157
4078
7473
344
6629
8142
7677
4880
888
8823
372
3380
6653
938
1601
8160
8662
4460
5512
8411
1718
4959
8439
4497
1463
8371
4325
3783
5328
5306
5738
1727
8897
4670
7946
8936
7076
2702
2498
1001
825
2582
4579
180
5200
2002
163
4952
6035
1745
3709
3180
6636
1562
4472
7444
1496
7118
1661
5813
7959
2883
1850
7191
4428
1859
3098
1921
4121
18
6403
1277
4716
2076
1654
1881
2108
6360
1922
4059
5949
425
2874
6125
3722
8970
5240
1089
8003
5052
2875
3997
2808
4275
392
8630
7230
6494
3555
2302
1565
7506
2428
8678
3463
120
7255
5835
4754
7348
3590
3439
5285
7704
8057
2643
1496
7634
6788
458
7185
4328
1692
7470
6080
8223
6596
8811
2490
4899
4350
2148
2412
6366
4913
5303
8649
5473
4834
4276
4126
6207
2852
7816
8155
5733
97
7104
4955
5399
1287
7326
7596
6716
5582
3852
2475
8418
5672
3724
644
5025
7863
2370
344
8155
8087
2156
6908
4555
391
8311
1660
8537
6301
3039
66
2179
7493
7331
2601
3899
3198
6718
4760
754
7118
4744
1795
1452
5400
3869
6213
6676
2131
8044
2789
2520
8511
2845
6433
6105
346
8625
8392
2588
5361
5242
6694
2838
8768
6227
157
2239
3581
1791
6440
6681
1809
2371
5225
8000
381
4344
6002
5728
247
233
5276
4641
3581
1932
2941
419
3129
579
2822
1288
6141
3435
2584
1541
5229
2149
7803
8033
5322
8641
5678
8617
5637
5063
7567
5068
1595
8375
644
525
6345
6630
1062
3247
5920
8757
8161
6996
4912
4497
5282
1123
7117
8243
8827
5507
1822
6187
3479
1515
3862
6513
2825
1523
713
7118
56
6070
1779
7642
4110
6733
7241
2393
6192
572
4923
5841
899
8777
5136
2648
7112
7458
289
3245
3282
931
3659
8986
5298
8368
7947
7181
6915
6375
2503
52
7989
1900
731
1191
3165
2365
2655
7519
3147
7536
5803
8425
7736
4966
7109
3075
1505
1292
4910
596
3004
7270
6986
4332
7129
5022
1673
1344
498
825
3458
3429
6588
3233
3460
167
4433
8273
5700
4716
7480
1302
4180
3152
4571
6038
6882
4937
6922
4276
3873
2481
2632
2304
8291
3480
2503
6472
5752
6342
421
287
3779
1534
4295
7220
645
7036
4516
6210
3925
4815
6239
584
6390
174
3702
1178
683
7637
3310
2671
2113
8830
2993
2179
3906
2266
4019
1175
5874
761
3571
2039
107
103
6591
5974
5260
3988
1998
3109
3588
1234
6769
522
8439
1028
806
4257
104
4818
6868
4255
5841
4994
6522
8850
4069
4375
944
6936
2919
3443
221
7129
1098
4033
465
4351
1574
8094
4023
1642
5326
2101
7169
6187
4942
5839
3050
1179
1041
886
1929
7264
2661
8513
395
6691
8960
5383
7784
5426
2875
1161
2126
2115
2925
3443
8394
5168
8211
3759
8827
3310
650
5956
3396
6427
5545
1356
425
305
8396
3458
4979
8948
7970
5542
936
771
7471
7238
5690
3358
1333
3330
466
7528
2776
4150
4453
2778
8729
6422
8500
5105
5568
1172
8410
704
2499
4958
3873
1030
1243
3606
4340
3203
4812
8624
2552
1502
8953
5949
2221
1372
7344
3612
4396
7204
6209
4028
2107
884
7860
3465
1868
7136
363
3517
4120
5591
1137
8146
8730
2733
5517
4705
6811
266
125
2107
5828
6679
3166
5122
1419
7351
1707
4520
3972
2520
1036
366
8007
746
2873
6842
725
5092
5378
4947
8617
7628
3950
5235
7290
4082
1698
5990
3514
4037
5785
5614
1726
2532
6515
7502
7915
8840
715
3642
2463
6816
307
6668
8341
6187
5720
8646
1900
3635
7564
7431
5506
2938
4572
2035
6578
5227
8244
4044
3758
1845
2364
4934
2036
5612
4538
6222
2467
956
3828
3023
4953
7129
6419
2841
1184
3258
8331
2442
1009
6101
361
5990
8588
1222
557
2712
7191
6969
2024
6946
4841
3246
2942
5068
8445
5682
2356
1490
4690
3107
3282
94
3313
3445
5775
1358
3459
1418
3039
6121
7672
846
2825
3713
488
6298
5921
5044
7724
5613
2038
3782
8969
5405
3380
5701
7526
2857
8634
4434
698
4225
8691
8041
188
3249
2336
2525
8439
2401
7066
5603
2714
7315
4022
7344
1079
3796
1378
8367
4943
3446
832
6706
4081
7871
734
220
5232
6223
3032
1187
8442
2541
5628
7481
4233
3278
3323
4497
2263
7302
7399
222
5582
5898
6617
1784
2220
8690
4435
971
3549
2277
654
3752
4792
8306
3512
720
4873
3796
299
7312
4666
3705
7232
208
629
626
8932
7743
4842
6012
148
3206
150
4777
829
3597
4584
3212
2214
5652
8904
4471
3380
928
6844
319
8846
4330
1760
1774
639
7560
764
869
7232
910
5699
3184
1891
2492
7608
8648
6350
7622
4190
3856
125
4769
66
1244
4845
2318
4872
1730
8517
610
6803
1693
2811
4973
7858
4692
6863
1809
3239
7299
4504
8445
1847
7550
4523
7774
4315
6525
8051
5197
8375
8694
2476
2085
8286
7892
1140
5551
8960
1094
5960
907
7669
159
4787
1270
8392
358
4842
623
5275
6233
2263
6510
1186
2903
2536
1312
930
416
1234
4622
44
8978
5331
6665
1070
8095
443
2522
4634
7656
1216
2101
7081
187
8444
1398
3135
2588
617
1410
6292
1826
3973
5668
8975
643
3080
6280
6443
6552
1739
8630
7105
5523
7239
7351
5930
5727
5033
8551
6319
2257
8332
6396
2373
5050
4815
794
6012
5714
6516
5341
1824
4117
1361
7113
8518
1770
902
6806
267
5921
4999
7779
7384
4662
4245
4858
5239
4710
1991
8894
6581
1941
4223
6004
5818
978
6035
3828
8252
6214
4080
7343
6498
7467
2190
4635
266
507
4686
6321
3327
2571
7270
723
6247
5770
476
6200
903
8756
3460
1404
7245
7101
2894
606
2091
3443
521
1063
3378
2397
1501
7502
3192
7625
5297
3061
311
8370
3805
5199
892
6912
5005
3268
8901
6517
3923
1594
7572
3513
4364
6198
484
7177
8714
3501
2531
0
1340
2170
3099
4374
3907
5640
112
6585
3832
2422
4317
8863
2517
5241
7703
8953
2572
6273
4261
1993
8791
6667
5881
3254
831
6597
7553
8795
327
3008
6701
345
6586
1836
3073
1557
7913
4403
2504
5103
7944
4370
1400
1122
584
1314
8811
3889
5528
5874
3593
8075
7987
8470
8393
2654
2751
3945
7832
8716
7264
4017
3042
8501
4086
4686
542
8446
4263
2763
1448
4235
7357
1833
5856
1948
5711
3040
7840
4219
8469
7075
862
3335
8361
4834
7245
3303
5371
3908
6120
8623
2021
5614
2119
6130
4465
1417
5114
4376
6149
8494
7371
8158
6693
7029
3679
2346
452
8086
2294
2222
1157
1449
6324
1264
1730
3449
4208
301
8050
3776
8415
7365
3202
5086
8202
3078
492
6748
861
4284
3644
3612
5928
7436
6985
3537
5363
7406
314
5730
8812
8884
1004
8481
6537
2529
1747
8167
2728
6096
3797
940
1468
6722
7644
3273
3688
3760
8191
1885
4398
637
1886
5242
7636
7084
5276
2726
2888
6433
7022
8116
4475
2613
7900
3385
2295
2699
8051
1918
6030
6986
1760
7296
8506
40
1199
3916
380
6978
7677
5989
481
6683
5656
521
6899
2437
2763
6805
296
8651
1719
5432
7434
8390
4607
8505
3886
8634
7028
4201
7595
1332
8860
7841
4713
4218
6305
3438
6182
4738
2308
3759
6815
1518
4253
1237
7509
6388
7409
7982
5721
1404
1583
6658
6938
5105
3083
2783
7792
515
6769
4886
3769
8164
4195
1912
7490
7094
6572
1222
2145
1898
5553
2007
5951
7207
3221
113
7907
6269
1403
6065
2250
7141
7667
6025
2545
3235
6617
4011
1465
1027
1585
484
6897
1050
6657
2552
3910
1003
810
4306
580
2534
5973
5709
6316
5490
6296
1246
7803
140
6201
2749
4270
479
1122
4939
1439
6533
468
7430
6690
7310
7435
1197
5711
35
6309
7312
2570
7605
7974
8639
6583
7614
4485
4809
3056
6163
3830
7794
811
221
5598
8732
7822
1376
5653
4970
4818
5620
322
8355
8818
4105
7173
5920
5737
2818
3707
8473
6657
6318
6989
7477
8218
7263
7268
2429
2710
2963
468
6936
7798
7980
1737
5751
7761
7720
5514
962
3581
1612
1396
4706
4035
4711
3058
2454
2512
4552
283
7843
998
2081
2107
322
6318
6227
1310
524
1995
3932
2965
8973
3223
4687
3451
2297
1806
4705
3083
2688
8515
8161
4128
1965
4104
1786
5120
212
1282
7788
3465
7689
5080
7610
387
8291
6597
2548
2351
4780
3016
7423
5392
4852
5203
8492
8453
6620
4872
4578
8760
3062
3265
7101
6528
5255
5032
5022
1442
1193
2764
4933
7421
7809
7568
7562
267
6458
1524
1676
6682
740
6882
5188
1640
8970
6874
981
2602
6277
1412
116
8432
1535
3981
7906
2808
5183
2451
5380
6287
5646
3082
2272
3103
1033
8950
6235
3079
3482
252
8375
8106
3021
8103
3935
6390
2144
5406
1736
8251
7061
5569
4060
4490
145
7414
918
8140
2309
7522
2218
6671
5115
8233
1024
2318
1239
8990
6126
7173
1077
2665
692
8171
1592
6719
313
1498
880
349
3107
279
8289
5086
4525
214
84
2668
3236
7908
6659
4435
3418
1849
5453
6338
6090
2867
3357
2890
3750
1825
5571
6138
3950
7893
3081
1986
8054
8984
2746
178
8948
7468
1227
3762
3000
2673
5168
2994
4312
6176
4638
7928
2823
4932
2963
5963
7344
1596
1021
6059
8721
2514
434
3628
6237
1169
4101
5534
3636
2081
3531
3705
82
